t	r	a	i	n	_	l	o	s	s
1	0	1.3848706483840942
1	500	1.3878525495529175
1	1000	1.3849594593048096
1	1500	1.3910956382751465
1	2000	1.3788044452667236
1	2500	1.3823970556259155
1	3000	1.3947653770446777
1	3500	1.39772367477417
1	4000	1.3848321437835693
1	4500	1.3831819295883179
1	5000	1.3896825313568115
1	5500	1.37625253200531
1	6000	1.3842743635177612
1	6500	1.3837511539459229
1	7000	1.3810036182403564
1	7500	1.3800197839736938
1	8000	1.3799264430999756
1	8500	1.3891239166259766
1	9000	1.378363847732544
1	9500	1.375626564025879
1	10000	1.3695111274719238
1	10500	1.3759793043136597
1	11000	1.400357723236084
1	11500	1.3832736015319824
1	12000	1.3837493658065796
1	12500	1.3650586605072021
1	13000	1.3799203634262085
1	13500	1.379374384880066
1	14000	1.3780404329299927
2	0	1.3778239488601685
2	500	1.3668056726455688
2	1000	1.377739429473877
2	1500	1.38016676902771
2	2000	1.3684004545211792
2	2500	1.366818904876709
2	3000	1.3692303895950317
2	3500	1.3853156566619873
2	4000	1.379564881324768
2	4500	1.3580355644226074
2	5000	1.3681957721710205
2	5500	1.3406109809875488
2	6000	1.3583173751831055
2	6500	1.3527393341064453
2	7000	1.3516486883163452
2	7500	1.3399760723114014
2	8000	1.3376874923706055
2	8500	1.3508358001708984
2	9000	1.3240811824798584
2	9500	1.3296728134155273
2	10000	1.3105921745300293
2	10500	1.331519603729248
2	11000	1.360677719116211
2	11500	1.323821783065796
2	12000	1.286799669265747
2	12500	1.2793391942977905
2	13000	1.3002026081085205
2	13500	1.2475395202636719
2	14000	1.3005237579345703
3	0	1.29391348361969
3	500	1.2133195400238037
3	1000	1.2522847652435303
3	1500	1.255664348602295
3	2000	1.1871743202209473
3	2500	1.2202476263046265
3	3000	1.0978949069976807
3	3500	1.1601831912994385
3	4000	1.169033408164978
3	4500	1.0436097383499146
3	5000	1.0986592769622803
3	5500	1.1113511323928833
3	6000	1.05490243434906
3	6500	0.9919253587722778
3	7000	1.011517882347107
3	7500	0.9624361991882324
3	8000	0.9222211837768555
3	8500	0.9555762410163879
3	9000	0.9075632095336914
3	9500	0.9391294717788696
3	10000	0.9207614064216614
3	10500	0.9054659008979797
3	11000	0.933127224445343
3	11500	0.9138510823249817
3	12000	0.814883828163147
3	12500	0.7996232509613037
3	13000	0.8271309733390808
3	13500	0.7848181128501892
3	14000	0.8932913541793823
4	0	0.9118872880935669
4	500	0.8652205467224121
4	1000	0.809844970703125
4	1500	0.7977567911148071
4	2000	0.8560701608657837
4	2500	0.832977294921875
4	3000	0.7824839949607849
4	3500	0.8032650947570801
4	4000	0.8080991506576538
4	4500	0.7704811096191406
4	5000	0.8036994934082031
4	5500	0.8183949589729309
4	6000	0.857652485370636
4	6500	0.7852557301521301
4	7000	0.7600809335708618
4	7500	0.7988294363021851
4	8000	0.7526799440383911
4	8500	0.775779128074646
4	9000	0.7952175140380859
4	9500	0.7964564561843872
4	10000	0.7628909349441528
4	10500	0.7569298148155212
4	11000	0.8485021591186523
4	11500	0.8431546092033386
4	12000	0.7556411027908325
4	12500	0.7514505386352539
4	13000	0.7623851299285889
4	13500	0.7508938908576965
4	14000	0.7791889309883118
5	0	0.7963099479675293
5	500	0.7648137807846069
5	1000	0.7741373777389526
5	1500	0.7724053859710693
5	2000	0.783681333065033
5	2500	0.7643451690673828
5	3000	0.7533987760543823
5	3500	0.7512437105178833
5	4000	0.7664966583251953
5	4500	0.753865659236908
5	5000	0.8455602526664734
5	5500	0.7623019814491272
5	6000	0.7726935148239136
5	6500	0.7611401677131653
5	7000	0.7836779356002808
5	7500	0.754107654094696
5	8000	0.7633511424064636
5	8500	0.7498787641525269
5	9000	0.754763126373291
5	9500	0.7657227516174316
5	10000	0.7636334896087646
5	10500	0.7538574934005737
5	11000	0.8173016309738159
5	11500	0.7906914949417114
5	12000	0.7484532594680786
5	12500	0.7495557069778442
5	13000	0.747328519821167
5	13500	0.746526837348938
5	14000	0.7806106805801392
6	0	0.7817782163619995
6	500	0.758543848991394
6	1000	0.7491033673286438
6	1500	0.8162897825241089
6	2000	0.8043016195297241
6	2500	0.7773372530937195
6	3000	0.7458247542381287
6	3500	0.7572850584983826
6	4000	0.7571092844009399
6	4500	0.7493499517440796
6	5000	0.8358657956123352
6	5500	0.7489399313926697
6	6000	0.7966495156288147
6	6500	0.7471497058868408
6	7000	0.7512348890304565
6	7500	0.7618050575256348
6	8000	0.7488716244697571
6	8500	0.7469047904014587
6	9000	0.7468425035476685
6	9500	0.77060866355896
6	10000	0.7500117421150208
6	10500	0.7594271898269653
6	11000	0.7662048935890198
6	11500	0.7604266405105591
6	12000	0.745559811592102
6	12500	0.7535053491592407
6	13000	0.7492220401763916
6	13500	0.7457162141799927
6	14000	0.7778595685958862
7	0	0.7526118755340576
7	500	0.7496400475502014
7	1000	0.7442425489425659
7	1500	0.7722643613815308
7	2000	0.7789732217788696
7	2500	0.7620784640312195
7	3000	0.7469414472579956
7	3500	0.7499720454216003
7	4000	0.7551096081733704
7	4500	0.7584381103515625
7	5000	0.8655803799629211
7	5500	0.7652687430381775
7	6000	0.7984963655471802
7	6500	0.7487995028495789
7	7000	0.7459648847579956
7	7500	0.7468122243881226
7	8000	0.7527545690536499
7	8500	0.7503799796104431
7	9000	0.747443437576294
7	9500	0.7759422659873962
7	10000	0.8256176114082336
7	10500	0.7564585208892822
7	11000	0.7848554253578186
7	11500	0.798700213432312
7	12000	0.7462965250015259
7	12500	0.7451130747795105
7	13000	0.7498530149459839
7	13500	0.7485781908035278
7	14000	0.7545249462127686
8	0	0.7589702010154724
8	500	0.7460918426513672
8	1000	0.7457212209701538
8	1500	0.7516958713531494
8	2000	0.7830433249473572
8	2500	0.7535836100578308
8	3000	0.745193362236023
8	3500	0.7476805448532104
8	4000	0.7488830089569092
8	4500	0.7452532649040222
8	5000	0.8262373805046082
8	5500	0.7472152709960938
8	6000	0.8153198957443237
8	6500	0.745283842086792
8	7000	0.751888632774353
8	7500	0.7612758278846741
8	8000	0.7463088035583496
8	8500	0.7456048130989075
8	9000	0.7472613453865051
8	9500	0.7952861785888672
8	10000	0.7663118839263916
8	10500	0.7549282312393188
8	11000	0.7600100040435791
8	11500	0.7508757710456848
8	12000	0.7442760467529297
8	12500	0.7441196441650391
8	13000	0.745115339756012
8	13500	0.7442768812179565
8	14000	0.7514769434928894
9	0	0.7684020400047302
9	500	0.7466048002243042
9	1000	0.747856855392456
9	1500	0.7471844553947449
9	2000	0.7539320588111877
9	2500	0.7727968096733093
9	3000	0.7445932626724243
9	3500	0.765392541885376
9	4000	0.7499712705612183
9	4500	0.7438027262687683
9	5000	0.7908968329429626
9	5500	0.7481518983840942
9	6000	0.8476217985153198
9	6500	0.744615375995636
9	7000	0.7450350522994995
9	7500	0.7443867921829224
9	8000	0.7448415756225586
9	8500	0.7469543218612671
9	9000	0.7542469501495361
9	9500	0.7526454329490662
9	10000	0.7821025848388672
9	10500	0.7478931546211243
9	11000	0.8377977609634399
9	11500	0.8083475232124329
9	12000	0.7457359433174133
9	12500	0.7441900372505188
9	13000	0.745130181312561
9	13500	0.7438730001449585
9	14000	0.7595182657241821
10	0	0.7471437454223633
10	500	0.7441916465759277
10	1000	0.7474844455718994
10	1500	0.7451030611991882
10	2000	0.7531881332397461
10	2500	0.746826171875
10	3000	0.7444676160812378
10	3500	0.7488797903060913
10	4000	0.7645533680915833
10	4500	0.7451099157333374
10	5000	0.838917076587677
10	5500	0.7445255517959595
10	6000	0.7935006022453308
10	6500	0.7446501851081848
10	7000	0.7451799511909485
10	7500	0.7449446320533752
10	8000	0.7447745203971863
10	8500	0.7465594410896301
10	9000	0.7448528409004211
10	9500	0.772587239742279
10	10000	0.750170111656189
10	10500	0.7482954263687134
10	11000	0.772018313407898
10	11500	0.7448946237564087
10	12000	0.7439388036727905
10	12500	0.744547963142395
10	13000	0.7438408732414246
10	13500	0.7451565861701965
10	14000	0.7461920976638794

t	e	s	t	_	l	o	s	s
0	0.13885423763435145
14279	0.13840236576977155
28558	0.1362836849084227
42837	0.1363467679644789
57116	0.13647135627717108
71395	0.1361014603779016
85674	0.13666106823001214
99953	0.1356392070947104
114232	0.13556809431932884
128511	0.1352122327481411
