t	r	a	i	n	_	l	o	s	s
1	0	1.379342794418335
1	500	1.394768238067627
1	1000	1.3780580759048462
1	1500	1.3797436952590942
1	2000	1.3921149969100952
1	2500	1.3907749652862549
1	3000	1.387244462966919
1	3500	1.38295578956604
1	4000	1.3809056282043457
1	4500	1.3945496082305908
1	5000	1.3845751285552979
1	5500	1.3906019926071167
1	6000	1.3839079141616821
1	6500	1.382338047027588
1	7000	1.3849061727523804
1	7500	1.3778854608535767
1	8000	1.384113073348999
1	8500	1.3788836002349854
1	9000	1.3841387033462524
1	9500	1.382328748703003
1	10000	1.3769493103027344
1	10500	1.378726601600647
1	11000	1.3805909156799316
1	11500	1.3795409202575684
1	12000	1.3785821199417114
1	12500	1.379939079284668
1	13000	1.3794400691986084
1	13500	1.3763753175735474
1	14000	1.3760143518447876
1	14500	1.3639456033706665
1	15000	1.3220652341842651
1	15500	1.2770150899887085
1	16000	1.2197017669677734
1	16500	1.1482970714569092
1	17000	1.4290164709091187
1	17500	1.374299168586731
1	18000	1.3059961795806885
1	18500	1.2368829250335693
1	19000	1.1654959917068481
1	19500	1.5421059131622314
1	20000	1.46322762966156
1	20500	1.394995093345642
1	21000	1.351607084274292
1	21500	1.282782793045044
1	22000	1.5865849256515503
1	22500	1.5071394443511963
1	23000	1.455102562904358
1	23500	1.3948633670806885
1	24000	1.3511043787002563
2	0	1.3724730014801025
2	500	1.336478352546692
2	1000	1.360855221748352
2	1500	1.3373091220855713
2	2000	1.3345167636871338
2	2500	1.347955346107483
2	3000	1.305067539215088
2	3500	1.3356661796569824
2	4000	1.360196828842163
2	4500	1.3174469470977783
2	5000	1.3022459745407104
2	5500	1.306570291519165
2	6000	1.2983161211013794
2	6500	1.2894654273986816
2	7000	1.250073790550232
2	7500	1.2644870281219482
2	8000	1.2309598922729492
2	8500	1.2414581775665283
2	9000	1.23836350440979
2	9500	1.190487027168274
2	10000	1.1625947952270508
2	10500	1.1291725635528564
2	11000	1.2334778308868408
2	11500	1.1569745540618896
2	12000	1.0985081195831299
2	12500	1.0901883840560913
2	13000	1.068190574645996
2	13500	1.0312049388885498
2	14000	1.0098141431808472
2	14500	0.9033748507499695
2	15000	0.8477617502212524
2	15500	0.7983180284500122
2	16000	0.8112035989761353
2	16500	0.7657343745231628
2	17000	1.0466254949569702
2	17500	0.8643040657043457
2	18000	0.7764024138450623
2	18500	0.7950645089149475
2	19000	0.7666836977005005
2	19500	1.1983858346939087
2	20000	0.9466781616210938
2	20500	0.8649991750717163
2	21000	0.8102235794067383
2	21500	0.7891186475753784
2	22000	1.2472034692764282
2	22500	1.0254266262054443
2	23000	0.9617058634757996
2	23500	0.8156825304031372
2	24000	0.7855216264724731
3	0	1.0602117776870728
3	500	0.9528921246528625
3	1000	0.7960246801376343
3	1500	0.8757659196853638
3	2000	0.9133381843566895
3	2500	0.9148231744766235
3	3000	0.7786140441894531
3	3500	0.8371791839599609
3	4000	0.8466800451278687
3	4500	0.8174999952316284
3	5000	0.9374927282333374
3	5500	0.8212020993232727
3	6000	0.8119686841964722
3	6500	0.7724143266677856
3	7000	0.8024076223373413
3	7500	0.7825549244880676
3	8000	0.7784522771835327
3	8500	0.8076357841491699
3	9000	0.8093010783195496
3	9500	0.793012261390686
3	10000	0.7681310772895813
3	10500	0.808437168598175
3	11000	0.8872617483139038
3	11500	0.8126623034477234
3	12000	0.7723263502120972
3	12500	0.7524936199188232
3	13000	0.7640895247459412
3	13500	0.762833297252655
3	14000	0.9120196104049683
3	14500	0.8002521395683289
3	15000	0.8302828073501587
3	15500	0.7587293386459351
3	16000	0.7590237259864807
3	16500	0.7500301003456116
3	17000	0.8746811747550964
3	17500	0.7555086612701416
3	18000	0.7509682774543762
3	18500	0.7512067556381226
3	19000	0.7601398229598999
3	19500	0.7990697622299194
3	20000	0.7815479040145874
3	20500	0.7640780210494995
3	21000	0.752863347530365
3	21500	0.7745383977890015
3	22000	0.8680456876754761
3	22500	0.8064181208610535
3	23000	0.8194371461868286
3	23500	0.7514297962188721
3	24000	0.7537615299224854
4	0	0.8350523710250854
4	500	0.7842486500740051
4	1000	0.747108519077301
4	1500	0.7755346298217773
4	2000	0.7686637043952942
4	2500	0.7488487958908081
4	3000	0.7537524700164795
4	3500	0.7598221302032471
4	4000	0.7640057802200317
4	4500	0.7532562017440796
4	5000	0.8397606015205383
4	5500	0.8006293177604675
4	6000	0.846890926361084
4	6500	0.7515523433685303
4	7000	0.760831892490387
4	7500	0.7588945031166077
4	8000	0.7641493082046509
4	8500	0.7544536590576172
4	9000	0.8009263873100281
4	9500	0.796110212802887
4	10000	0.7590009570121765
4	10500	0.7690701484680176
4	11000	0.7878183722496033
4	11500	0.7635550498962402
4	12000	0.7470067739486694
4	12500	0.7451738715171814
4	13000	0.7501264810562134
4	13500	0.7450568079948425
4	14000	0.8272839784622192
4	14500	0.7822540998458862
4	15000	0.7864352464675903
4	15500	0.7516127228736877
4	16000	0.7483043074607849
4	16500	0.7447680234909058
4	17000	0.758202314376831
4	17500	0.7567468285560608
4	18000	0.7486583590507507
4	18500	0.766524076461792
4	19000	0.7596454620361328
4	19500	0.7553693056106567
4	20000	0.7611116766929626
4	20500	0.752240777015686
4	21000	0.7488893270492554
4	21500	0.748539388179779
4	22000	0.8196953535079956
4	22500	0.7533478140830994
4	23000	0.7894854545593262
4	23500	0.7457562685012817
4	24000	0.7538469433784485
5	0	0.8719037175178528
5	500	0.8251681327819824
5	1000	0.7453994750976562
5	1500	0.7580608129501343
5	2000	0.7655522227287292
5	2500	0.7448407411575317
5	3000	0.7446655035018921
5	3500	0.7810279726982117
5	4000	0.7784821391105652
5	4500	0.7450037002563477
5	5000	0.8380048871040344
5	5500	0.8037406802177429
5	6000	0.8239588737487793
5	6500	0.7457077503204346
5	7000	0.7471315264701843
5	7500	0.747756838798523
5	8000	0.7545731663703918
5	8500	0.7451640963554382
5	9000	0.7805805206298828
5	9500	0.7506954669952393
5	10000	0.7499485611915588
5	10500	0.7461804151535034
5	11000	0.797095775604248
5	11500	0.8021723628044128
5	12000	0.7454331517219543
5	12500	0.7447400689125061
5	13000	0.7551888227462769
5	13500	0.7476844787597656
5	14000	0.810492217540741
5	14500	0.7474755048751831
5	15000	0.7987924218177795
5	15500	0.8442395925521851
5	16000	0.7638174891471863
5	16500	0.7479831576347351
5	17000	0.7595251798629761
5	17500	0.7485997676849365
5	18000	0.7474988102912903
5	18500	0.7817418575286865
5	19000	0.7442959547042847
5	19500	0.7452147006988525
5	20000	0.7498027086257935
5	20500	0.7571831941604614
5	21000	0.7439650893211365
5	21500	0.748371958732605
5	22000	0.8073084950447083
5	22500	0.7535971999168396
5	23000	0.841865062713623
5	23500	0.7456845045089722
5	24000	0.7511146068572998
6	0	0.7521105408668518
6	500	0.752722442150116
6	1000	0.750053882598877
6	1500	0.7512016892433167
6	2000	0.7496697306632996
6	2500	0.7449327707290649
6	3000	0.746674656867981
6	3500	0.7548161745071411
6	4000	0.7463796734809875
6	4500	0.7458738088607788
6	5000	0.8445829153060913
6	5500	0.7759972214698792
6	6000	0.8429439663887024
6	6500	0.7597696185112
6	7000	0.7493780255317688
6	7500	0.7449430227279663
6	8000	0.7447996139526367
6	8500	0.7479809522628784
6	9000	0.749463677406311
6	9500	0.7897462248802185
6	10000	0.7517141103744507
6	10500	0.7470276951789856
6	11000	0.7872085571289062
6	11500	0.7721648812294006
6	12000	0.7443262338638306
6	12500	0.743783712387085
6	13000	0.7524623274803162
6	13500	0.746212363243103
6	14000	0.8142563104629517
6	14500	0.7461046576499939
6	15000	0.8107070922851562
6	15500	0.748274028301239
6	16000	0.7451403141021729
6	16500	0.7444626092910767
6	17000	0.748711109161377
6	17500	0.744674026966095
6	18000	0.743803858757019
6	18500	0.7582532167434692
6	19000	0.7494970560073853
6	19500	0.7605257034301758
6	20000	0.7715916633605957
6	20500	0.7538004517555237
6	21000	0.7442223429679871
6	21500	0.7478045225143433
6	22000	0.7630850672721863
6	22500	0.7771757245063782
6	23000	0.8447591662406921
6	23500	0.7540460824966431
6	24000	0.7448374032974243
7	0	0.7657333016395569
7	500	0.7519305944442749
7	1000	0.7440017461776733
7	1500	0.7476212382316589
7	2000	0.749692440032959
7	2500	0.7636943459510803
7	3000	0.74402916431427
7	3500	0.7446504831314087
7	4000	0.7472622394561768
7	4500	0.7448714375495911
7	5000	0.9001413583755493
7	5500	0.7701888084411621
7	6000	0.7585262656211853
7	6500	0.7445567846298218
7	7000	0.744228720664978
7	7500	0.7440582513809204
7	8000	0.7445640563964844
7	8500	0.746944010257721
7	9000	0.8411367535591125
7	9500	0.7507010102272034
7	10000	0.7593070864677429
7	10500	0.7467138171195984
7	11000	0.789847731590271
7	11500	0.7964470982551575
7	12000	0.7447567582130432
7	12500	0.7440859079360962
7	13000	0.7456196546554565
7	13500	0.7440251708030701
7	14000	0.7857771515846252
7	14500	0.7498358488082886
7	15000	0.847915530204773
7	15500	0.7484537363052368
7	16000	0.7448114156723022
7	16500	0.7521716356277466
7	17000	0.7518271207809448
7	17500	0.7459691762924194
7	18000	0.7438685894012451
7	18500	0.7542237043380737
7	19000	0.7543584704399109
7	19500	0.747198760509491
7	20000	0.7628890872001648
7	20500	0.7511525750160217
7	21000	0.7441683411598206
7	21500	0.7460601329803467
7	22000	0.7554848790168762
7	22500	0.7447641491889954
7	23000	0.8325082659721375
7	23500	0.7500928640365601
7	24000	0.7442663311958313
8	0	0.7580795884132385
8	500	0.7823495864868164
8	1000	0.7462450265884399
8	1500	0.7457751035690308
8	2000	0.7443325519561768
8	2500	0.7451440691947937
8	3000	0.7472892999649048
8	3500	0.7500929832458496
8	4000	0.7443393468856812
8	4500	0.7566899061203003
8	5000	0.8340352773666382
8	5500	0.745512843132019
8	6000	0.8110371828079224
8	6500	0.744446873664856
8	7000	0.7493290901184082
8	7500	0.7445985674858093
8	8000	0.7444498538970947
8	8500	0.7535715103149414
8	9000	0.7548330426216125
8	9500	0.748339056968689
8	10000	0.7532356977462769
8	10500	0.745500922203064
8	11000	0.7573391795158386
8	11500	0.7831898331642151
8	12000	0.7442662119865417
8	12500	0.7441891431808472
8	13000	0.7439528703689575
8	13500	0.7437868118286133
8	14000	0.7572500109672546
8	14500	0.7455073595046997
8	15000	0.8070732951164246
8	15500	0.7449595332145691
8	16000	0.746446430683136
8	16500	0.7470610737800598
8	17000	0.7522599101066589
8	17500	0.7447362542152405
8	18000	0.7437964677810669
8	18500	0.7563136219978333
8	19000	0.7490438222885132
8	19500	0.7485672235488892
8	20000	0.7669401168823242
8	20500	0.7513695359230042
8	21000	0.7442139387130737
8	21500	0.8028802871704102
8	22000	0.7592235803604126
8	22500	0.7482010126113892
8	23000	0.8430620431900024
8	23500	0.7497959136962891
8	24000	0.7452528476715088
9	0	0.7569503784179688
9	500	0.7459219098091125
9	1000	0.7437964677810669
9	1500	0.7454537153244019
9	2000	0.7451558709144592
9	2500	0.744192361831665
9	3000	0.7445757389068604
9	3500	0.7460932731628418
9	4000	0.7466892004013062
9	4500	0.7443498969078064
9	5000	0.868194580078125
9	5500	0.7443281412124634
9	6000	0.7720273733139038
9	6500	0.74448561668396
9	7000	0.7575207948684692
9	7500	0.7442835569381714
9	8000	0.7440037131309509
9	8500	0.7444493770599365
9	9000	0.7531328201293945
9	9500	0.7463185787200928
9	10000	0.8234960436820984
9	10500	0.7459906935691833
9	11000	0.7598556280136108
9	11500	0.7470690608024597
9	12000	0.7439109086990356
9	12500	0.7437762022018433
9	13000	0.7447964549064636
9	13500	0.7437925934791565
9	14000	0.7768308520317078
9	14500	0.744213342666626
9	15000	0.8159695863723755
9	15500	0.7583507299423218
9	16000	0.7440800666809082
9	16500	0.7474497556686401
9	17000	0.745765745639801
9	17500	0.744350254535675
9	18000	0.7441295981407166
9	18500	0.7488479614257812
9	19000	0.7453612685203552
9	19500	0.7583065629005432
9	20000	0.748760998249054
9	20500	0.7440856099128723
9	21000	0.7439284324645996
9	21500	0.7446145415306091
9	22000	0.7567106485366821
9	22500	0.7457709312438965
9	23000	0.8443465232849121
9	23500	0.7468963861465454
9	24000	0.7834845781326294
10	0	0.7805988192558289
10	500	0.789091944694519
10	1000	0.7437306642532349
10	1500	0.753463089466095
10	2000	0.7470199465751648
10	2500	0.7777098417282104
10	3000	0.7440208792686462
10	3500	0.7468402981758118
10	4000	0.7440659999847412
10	4500	0.744139552116394
10	5000	0.8459998965263367
10	5500	0.744503915309906
10	6000	0.8006958961486816
10	6500	0.7441040277481079
10	7000	0.7446103096008301
10	7500	0.7437625527381897
10	8000	0.7445532083511353
10	8500	0.7463334798812866
10	9000	0.7631291747093201
10	9500	0.745854914188385
10	10000	0.7438226938247681
10	10500	0.7440448999404907
10	11000	0.8192364573478699
10	11500	0.76519775390625
10	12000	0.7439230680465698
10	12500	0.746704638004303
10	13000	0.7442552447319031
10	13500	0.7440503835678101
10	14000	0.7684829831123352
10	14500	0.7467674016952515
10	15000	0.8202950358390808
10	15500	0.782993495464325
10	16000	0.74392169713974
10	16500	0.7437636852264404
10	17000	0.754144012928009
10	17500	0.7456663846969604
10	18000	0.7452206015586853
10	18500	0.7470151782035828
10	19000	0.7499607801437378
10	19500	0.7444002032279968
10	20000	0.7561075091362
10	20500	0.7450311183929443
10	21000	0.7442370653152466
10	21500	0.7473586201667786
10	22000	0.7453859448432922
10	22500	0.7443153262138367
10	23000	0.832606315612793
10	23500	0.7447332739830017
10	24000	0.7443051338195801

t	e	s	t	_	l	o	s	s
0	0.138050939389412
24279	0.1333133108042197
48558	0.1291419746728396
72837	0.128333872688264
97116	0.12907017898349046
121395	0.13030476043819064
145674	0.13063146821973604
169953	0.13092039507745906
194232	0.13078318826410154
218511	0.13008521782115068
