t	r	a	i	n	_	l	o	s	s
1	0	1.3837313652038574
1	500	1.3975399732589722
1	1000	1.3834888935089111
1	1500	1.3785347938537598
1	2000	1.3885514736175537
1	2500	1.3943798542022705
1	3000	1.3792248964309692
1	3500	1.377740740776062
1	4000	1.3825939893722534
1	4500	1.3932361602783203
1	5000	1.382004976272583
1	5500	1.3947397470474243
1	6000	1.3830673694610596
1	6500	1.3788903951644897
1	7000	1.3864538669586182
1	7500	1.3820558786392212
1	8000	1.3756481409072876
1	8500	1.376159906387329
1	9000	1.3825355768203735
1	9500	1.3837188482284546
1	10000	1.3885129690170288
1	10500	1.3861892223358154
1	11000	1.369159460067749
1	11500	1.3770701885223389
1	12000	1.3754193782806396
1	12500	1.3724615573883057
1	13000	1.3789221048355103
1	13500	1.3687922954559326
1	14000	1.3841699361801147
2	0	1.3686317205429077
2	500	1.3713135719299316
2	1000	1.3810125589370728
2	1500	1.3763878345489502
2	2000	1.3597948551177979
2	2500	1.3560177087783813
2	3000	1.3661590814590454
2	3500	1.3573176860809326
2	4000	1.3826255798339844
2	4500	1.3571971654891968
2	5000	1.375882863998413
2	5500	1.3596775531768799
2	6000	1.3669612407684326
2	6500	1.3588155508041382
2	7000	1.349881887435913
2	7500	1.36337149143219
2	8000	1.3430759906768799
2	8500	1.363194465637207
2	9000	1.325834035873413
2	9500	1.3334357738494873
2	10000	1.3442102670669556
2	10500	1.3517868518829346
2	11000	1.3794454336166382
2	11500	1.3500453233718872
2	12000	1.2627463340759277
2	12500	1.2575032711029053
2	13000	1.2802373170852661
2	13500	1.2910377979278564
2	14000	1.3669812679290771
3	0	1.3271740674972534
3	500	1.2590315341949463
3	1000	1.2870172262191772
3	1500	1.303917646408081
3	2000	1.2003613710403442
3	2500	1.1561237573623657
3	3000	1.2676422595977783
3	3500	1.2840402126312256
3	4000	1.2922765016555786
3	4500	1.1023528575897217
3	5000	1.2555873394012451
3	5500	1.051645040512085
3	6000	1.1854488849639893
3	6500	1.1561224460601807
3	7000	1.1694689989089966
3	7500	1.0958970785140991
3	8000	1.0532031059265137
3	8500	1.172835111618042
3	9000	1.0557682514190674
3	9500	1.1298459768295288
3	10000	1.1070563793182373
3	10500	1.0818395614624023
3	11000	1.270290493965149
3	11500	1.16427743434906
3	12000	1.0270006656646729
3	12500	1.0075922012329102
3	13000	1.0750287771224976
3	13500	1.027294397354126
3	14000	1.1688144207000732
4	0	1.1061041355133057
4	500	0.9990021586418152
4	1000	1.0161372423171997
4	1500	1.1588064432144165
4	2000	0.9465583562850952
4	2500	0.8883040547370911
4	3000	1.0709795951843262
4	3500	1.117276668548584
4	4000	1.0797494649887085
4	4500	0.9061239957809448
4	5000	1.0197174549102783
4	5500	0.9227229356765747
4	6000	0.9739537239074707
4	6500	0.9830317497253418
4	7000	0.9639422297477722
4	7500	0.9117371439933777
4	8000	0.9626359939575195
4	8500	1.059257984161377
4	9000	0.9599458575248718
4	9500	0.9705970883369446
4	10000	0.809552013874054
4	10500	0.8790253400802612
4	11000	1.105304479598999
4	11500	0.9586042165756226
4	12000	0.9208086729049683
4	12500	0.8671444058418274
4	13000	0.8816820979118347
4	13500	0.975679874420166
4	14000	0.9812406301498413
5	0	1.0179524421691895
5	500	0.8975658416748047
5	1000	0.8784725069999695
5	1500	0.932619571685791
5	2000	1.0831568241119385
5	2500	0.9573549032211304
5	3000	0.9615532159805298
5	3500	1.0251792669296265
5	4000	0.9744986295700073
5	4500	0.8313280940055847
5	5000	0.8947469592094421
5	5500	0.867277979850769
5	6000	0.9685133695602417
5	6500	0.8651736974716187
5	7000	0.8413899540901184
5	7500	0.828218936920166
5	8000	0.8211854100227356
5	8500	0.8914257884025574
5	9000	0.848905086517334
5	9500	0.7933931350708008
5	10000	0.7486953139305115
5	10500	0.8880187273025513
5	11000	0.9376102685928345
5	11500	0.8685410618782043
5	12000	0.8224062919616699
5	12500	0.809057354927063
5	13000	0.7927895784378052
5	13500	0.8551753759384155
5	14000	0.9386076927185059
6	0	0.8157464265823364
6	500	0.8886288404464722
6	1000	0.8900765180587769
6	1500	0.8968697786331177
6	2000	0.8764861226081848
6	2500	0.9347769021987915
6	3000	0.8424461483955383
6	3500	0.8330575823783875
6	4000	0.888989269733429
6	4500	0.8609935641288757
6	5000	0.8172343969345093
6	5500	0.7923916578292847
6	6000	0.8933882713317871
6	6500	0.8262563943862915
6	7000	0.8991643190383911
6	7500	0.7727440595626831
6	8000	0.8522075414657593
6	8500	0.812200665473938
6	9000	0.8039075136184692
6	9500	0.8481541872024536
6	10000	0.80174720287323
6	10500	0.7848159670829773
6	11000	0.9031285047531128
6	11500	0.882617175579071
6	12000	0.8237159848213196
6	12500	0.8106290102005005
6	13000	0.7943750023841858
6	13500	0.7940284609794617
6	14000	0.8599135279655457
7	0	0.8155580759048462
7	500	0.8297973871231079
7	1000	0.7899764180183411
7	1500	0.8145002126693726
7	2000	0.8755804896354675
7	2500	0.7849363088607788
7	3000	0.8121606111526489
7	3500	0.8705442547798157
7	4000	0.8489055633544922
7	4500	0.7462672591209412
7	5000	0.9375532269477844
7	5500	0.7554289102554321
7	6000	0.9522067308425903
7	6500	0.783542275428772
7	7000	0.7650541067123413
7	7500	0.7520590424537659
7	8000	0.7969006299972534
7	8500	0.7959797978401184
7	9000	0.8775615692138672
7	9500	0.8346912264823914
7	10000	0.7899686694145203
7	10500	0.8141008615493774
7	11000	0.8656034469604492
7	11500	0.9548651576042175
7	12000	0.8010255694389343
7	12500	0.7554899454116821
7	13000	0.8192179799079895
7	13500	0.7780143022537231
7	14000	0.7930101156234741
8	0	0.7598264217376709
8	500	0.7752329111099243
8	1000	0.7861940264701843
8	1500	0.7941402792930603
8	2000	0.7664049863815308
8	2500	0.8619304895401001
8	3000	0.7783320546150208
8	3500	0.7871814966201782
8	4000	0.7735627889633179
8	4500	0.7786669135093689
8	5000	0.8673880696296692
8	5500	0.758237361907959
8	6000	0.9332202672958374
8	6500	0.7619539499282837
8	7000	0.82098788022995
8	7500	0.765174925327301
8	8000	0.7722612619400024
8	8500	0.8076094388961792
8	9000	0.7638766169548035
8	9500	0.8403702974319458
8	10000	0.7800381779670715
8	10500	0.8405196070671082
8	11000	0.8499165773391724
8	11500	0.765799343585968
8	12000	0.7563492059707642
8	12500	0.8107821345329285
8	13000	0.7506883144378662
8	13500	0.7878819704055786
8	14000	0.761574387550354
9	0	0.8378546833992004
9	500	0.780339241027832
9	1000	0.7565287351608276
9	1500	0.8088677525520325
9	2000	0.812911331653595
9	2500	0.8567422032356262
9	3000	0.8188661336898804
9	3500	0.8166463971138
9	4000	0.7875670790672302
9	4500	0.7751675248146057
9	5000	0.911341667175293
9	5500	0.7989667057991028
9	6000	0.8814103007316589
9	6500	0.8600419759750366
9	7000	0.7621272206306458
9	7500	0.8133479952812195
9	8000	0.7790168523788452
9	8500	0.7730868458747864
9	9000	0.826451301574707
9	9500	0.7631028890609741
9	10000	0.786350667476654
9	10500	0.7621139287948608
9	11000	0.8895513415336609
9	11500	0.8258330225944519
9	12000	0.7784930467605591
9	12500	0.7690321207046509
9	13000	0.8131858110427856
9	13500	0.7814888954162598
9	14000	0.8026289939880371
10	0	0.7795590758323669
10	500	0.7494196891784668
10	1000	0.7595640420913696
10	1500	0.8107377886772156
10	2000	0.7986177206039429
10	2500	0.7533200979232788
10	3000	0.7996980547904968
10	3500	0.8033729791641235
10	4000	0.7474826574325562
10	4500	0.7567046880722046
10	5000	0.8796712756156921
10	5500	0.7462851405143738
10	6000	0.7864423990249634
10	6500	0.750360369682312
10	7000	0.7558902502059937
10	7500	0.7458906769752502
10	8000	0.7958340644836426
10	8500	0.7654153108596802
10	9000	0.7493975162506104
10	9500	0.8179451823234558
10	10000	0.7739652991294861
10	10500	0.7459409236907959
10	11000	0.8715230822563171
10	11500	0.8269973993301392
10	12000	0.7798603177070618
10	12500	0.7565872073173523
10	13000	0.8182655572891235
10	13500	0.7621781229972839
10	14000	0.7746578454971313

t	e	s	t	_	l	o	s	s
0	0.13831346861310878
14279	0.13876022332025154
28558	0.1385579714185618
42837	0.13808460511908627
57116	0.13738677827990872
71395	0.13670385704924728
85674	0.13714226792190248
99953	0.13813088128372006
114232	0.13725732628083387
128511	0.13717783681604245
