t	r	a	i	n	_	l	o	s	s
1	0	1.383155107498169
1	500	1.397075891494751
1	1000	1.3810673952102661
1	1500	1.3837932348251343
1	2000	1.3921433687210083
1	2500	1.3904746770858765
1	3000	1.386539340019226
1	3500	1.3827458620071411
1	4000	1.3850815296173096
1	4500	1.3883965015411377
1	5000	1.3832204341888428
1	5500	1.394956350326538
1	6000	1.37968111038208
1	6500	1.3817417621612549
1	7000	1.3808530569076538
1	7500	1.3802745342254639
1	8000	1.3836599588394165
1	8500	1.3869282007217407
1	9000	1.3870885372161865
1	9500	1.3813589811325073
1	10000	1.3822373151779175
1	10500	1.3787733316421509
1	11000	1.3873258829116821
1	11500	1.378432035446167
1	12000	1.3862749338150024
1	12500	1.3821269273757935
1	13000	1.3811531066894531
1	13500	1.384784460067749
1	14000	1.381721019744873
1	14500	1.3781450986862183
1	15000	1.338446021080017
1	15500	1.3173848390579224
1	16000	1.267740249633789
1	16500	1.2381868362426758
1	17000	1.423113465309143
1	17500	1.3824803829193115
1	18000	1.3383973836898804
1	18500	1.3083821535110474
1	19000	1.2684683799743652
1	19500	1.4779406785964966
1	20000	1.4427493810653687
1	20500	1.406133770942688
1	21000	1.3565027713775635
1	21500	1.2982332706451416
1	22000	1.5247924327850342
1	22500	1.499222993850708
1	23000	1.4580247402191162
1	23500	1.4118455648422241
1	24000	1.3762657642364502
2	0	1.3798730373382568
2	500	1.3644087314605713
2	1000	1.3690989017486572
2	1500	1.370221495628357
2	2000	1.3613488674163818
2	2500	1.370115041732788
2	3000	1.3685836791992188
2	3500	1.3575685024261475
2	4000	1.3667138814926147
2	4500	1.35958731174469
2	5000	1.3472695350646973
2	5500	1.3728983402252197
2	6000	1.3439725637435913
2	6500	1.3487085103988647
2	7000	1.3520643711090088
2	7500	1.3307329416275024
2	8000	1.347705602645874
2	8500	1.3568005561828613
2	9000	1.3430509567260742
2	9500	1.3583096265792847
2	10000	1.3517934083938599
2	10500	1.2938594818115234
2	11000	1.3151276111602783
2	11500	1.3112318515777588
2	12000	1.3154281377792358
2	12500	1.2414238452911377
2	13000	1.2347882986068726
2	13500	1.2911800146102905
2	14000	1.2983884811401367
2	14500	1.1876338720321655
2	15000	1.0624843835830688
2	15500	0.9189459681510925
2	16000	0.9064456224441528
2	16500	0.8184041976928711
2	17000	1.4542572498321533
2	17500	1.227792739868164
2	18000	1.069882869720459
2	18500	0.9514248967170715
2	19000	0.8943929672241211
2	19500	1.5177416801452637
2	20000	1.42012619972229
2	20500	1.1438469886779785
2	21000	1.0379754304885864
2	21500	0.9800001978874207
2	22000	1.6080526113510132
2	22500	1.3942654132843018
2	23000	1.1648821830749512
2	23500	0.9554960131645203
2	24000	0.8608824610710144
3	0	1.2011809349060059
3	500	1.1821949481964111
3	1000	1.043948769569397
3	1500	1.0312954187393188
3	2000	1.049626111984253
3	2500	1.0937137603759766
3	3000	1.055285096168518
3	3500	1.097568154335022
3	4000	1.0486745834350586
3	4500	0.9801540374755859
3	5000	1.049081802368164
3	5500	1.0042684078216553
3	6000	0.9250696301460266
3	6500	0.913329005241394
3	7000	1.0094199180603027
3	7500	0.9175708889961243
3	8000	0.9017702341079712
3	8500	0.9282432794570923
3	9000	0.902754008769989
3	9500	0.8755328059196472
3	10000	0.8795205354690552
3	10500	0.8873769640922546
3	11000	0.8764006495475769
3	11500	0.8263747096061707
3	12000	0.8438438177108765
3	12500	0.8027352094650269
3	13000	0.9339241981506348
3	13500	0.8321350812911987
3	14000	0.9390354156494141
3	14500	0.8011414408683777
3	15000	0.833492636680603
3	15500	0.7770582437515259
3	16000	0.7608115673065186
3	16500	0.7505061626434326
3	17000	0.8607056736946106
3	17500	0.7848462462425232
3	18000	0.7712339758872986
3	18500	0.774002730846405
3	19000	0.7794729471206665
3	19500	0.9696561098098755
3	20000	0.8261890411376953
3	20500	0.7983106374740601
3	21000	0.8065773248672485
3	21500	0.7809909582138062
3	22000	1.0770418643951416
3	22500	0.7827037572860718
3	23000	0.8372389078140259
3	23500	0.8260404467582703
3	24000	0.78997403383255
4	0	0.8982645273208618
4	500	0.96992027759552
4	1000	0.7533628940582275
4	1500	0.8560217022895813
4	2000	0.8223288655281067
4	2500	0.7729718089103699
4	3000	0.7816041707992554
4	3500	0.7937947511672974
4	4000	0.8285786509513855
4	4500	0.7824277281761169
4	5000	0.9106677770614624
4	5500	0.7854706048965454
4	6000	0.9383015632629395
4	6500	0.7634523510932922
4	7000	0.8083769679069519
4	7500	0.836917519569397
4	8000	0.7588710784912109
4	8500	0.7749078869819641
4	9000	0.7580552697181702
4	9500	0.8226925730705261
4	10000	0.8148237466812134
4	10500	0.761393129825592
4	11000	0.9181066751480103
4	11500	0.7957445383071899
4	12000	0.7605336904525757
4	12500	0.7582750916481018
4	13000	0.821694552898407
4	13500	0.7567439675331116
4	14000	0.8987288475036621
4	14500	0.8046770095825195
4	15000	0.8903548121452332
4	15500	0.7492064237594604
4	16000	0.7466703653335571
4	16500	0.7457380890846252
4	17000	0.7996146082878113
4	17500	0.7511692047119141
4	18000	0.7475370168685913
4	18500	0.7514621615409851
4	19000	0.7733886241912842
4	19500	0.8056996464729309
4	20000	0.757067859172821
4	20500	0.7978101372718811
4	21000	0.7517397999763489
4	21500	0.770224392414093
4	22000	0.9340583682060242
4	22500	0.7877705693244934
4	23000	0.7754899263381958
4	23500	0.7976219058036804
4	24000	0.7453674077987671
5	0	0.8114277124404907
5	500	0.8304919004440308
5	1000	0.7494416236877441
5	1500	0.7896548509597778
5	2000	0.7604770660400391
5	2500	0.7516122460365295
5	3000	0.7464948892593384
5	3500	0.8065222501754761
5	4000	0.7564566731452942
5	4500	0.7626787424087524
5	5000	0.8382924199104309
5	5500	0.7660521268844604
5	6000	0.8011757135391235
5	6500	0.7849708795547485
5	7000	0.7661293745040894
5	7500	0.784813404083252
5	8000	0.7491088509559631
5	8500	0.7518075704574585
5	9000	0.760041356086731
5	9500	0.8712649345397949
5	10000	0.7625938653945923
5	10500	0.7648987770080566
5	11000	0.9332612156867981
5	11500	0.8553304672241211
5	12000	0.7519866228103638
5	12500	0.765389621257782
5	13000	0.7508913278579712
5	13500	0.7462635040283203
5	14000	0.8761453628540039
5	14500	0.7472254037857056
5	15000	0.8830657005310059
5	15500	0.7449439764022827
5	16000	0.7441702485084534
5	16500	0.7440658807754517
5	17000	0.775455892086029
5	17500	0.810632050037384
5	18000	0.7591277956962585
5	18500	0.800698459148407
5	19000	0.7690176963806152
5	19500	0.7730796337127686
5	20000	0.8312405347824097
5	20500	0.7668277621269226
5	21000	0.7456868290901184
5	21500	0.7942479848861694
5	22000	0.8057371377944946
5	22500	0.7594276666641235
5	23000	0.8565581440925598
5	23500	0.7694910764694214
5	24000	0.7467953562736511
6	0	0.7707293629646301
6	500	0.7690799236297607
6	1000	0.7809891700744629
6	1500	0.7474226951599121
6	2000	0.7603858709335327
6	2500	0.7478224635124207
6	3000	0.7457393407821655
6	3500	0.7533493041992188
6	4000	0.7584145665168762
6	4500	0.755948543548584
6	5000	0.84160977602005
6	5500	0.7570148706436157
6	6000	0.9225484728813171
6	6500	0.7662444710731506
6	7000	0.7805589437484741
6	7500	0.8182083368301392
6	8000	0.7632223963737488
6	8500	0.7447524070739746
6	9000	0.7764348983764648
6	9500	0.8577321767807007
6	10000	0.8821734189987183
6	10500	0.7569488286972046
6	11000	0.824184775352478
6	11500	0.8406020998954773
6	12000	0.7469660639762878
6	12500	0.7597925066947937
6	13000	0.7609183192253113
6	13500	0.7457199692726135
6	14000	0.7564467191696167
6	14500	0.7606969475746155
6	15000	0.800395131111145
6	15500	0.756298303604126
6	16000	0.7472631931304932
6	16500	0.7443510293960571
6	17000	0.7462546229362488
6	17500	0.7684710025787354
6	18000	0.7570300698280334
6	18500	0.782942533493042
6	19000	0.7470237016677856
6	19500	0.7500160336494446
6	20000	0.7815406918525696
6	20500	0.7491157054901123
6	21000	0.7461313009262085
6	21500	0.7686724662780762
6	22000	0.7772356271743774
6	22500	0.7579374313354492
6	23000	0.8339848518371582
6	23500	0.747218906879425
6	24000	0.749411404132843
7	0	0.747931182384491
7	500	0.7747944593429565
7	1000	0.7485055327415466
7	1500	0.7476392388343811
7	2000	0.7450204491615295
7	2500	0.7473956942558289
7	3000	0.7444040775299072
7	3500	0.7447607517242432
7	4000	0.7626538872718811
7	4500	0.7451229691505432
7	5000	0.8797571063041687
7	5500	0.7869308590888977
7	6000	0.9368997812271118
7	6500	0.7526448369026184
7	7000	0.7777938842773438
7	7500	0.7504141926765442
7	8000	0.747136116027832
7	8500	0.7448025941848755
7	9000	0.757649838924408
7	9500	0.7668903470039368
7	10000	0.7513422966003418
7	10500	0.7486640214920044
7	11000	0.7537878155708313
7	11500	0.7791625261306763
7	12000	0.7499665021896362
7	12500	0.7488328218460083
7	13000	0.7444407939910889
7	13500	0.7638748288154602
7	14000	0.7534869313240051
7	14500	0.7744907140731812
7	15000	0.8072822690010071
7	15500	0.7507637739181519
7	16000	0.7672743797302246
7	16500	0.7461230158805847
7	17000	0.8273539543151855
7	17500	0.7463964819908142
7	18000	0.7727720141410828
7	18500	0.7982760667800903
7	19000	0.7519606351852417
7	19500	0.7440794706344604
7	20000	0.7464327216148376
7	20500	0.7463495135307312
7	21000	0.7455557584762573
7	21500	0.74708491563797
7	22000	0.7517889738082886
7	22500	0.7487839460372925
7	23000	0.8629773259162903
7	23500	0.7473598718643188
7	24000	0.7611433267593384
8	0	0.7457271218299866
8	500	0.8428225517272949
8	1000	0.7895551919937134
8	1500	0.7522150278091431
8	2000	0.7461246848106384
8	2500	0.7465971112251282
8	3000	0.7552983164787292
8	3500	0.7846536636352539
8	4000	0.7539005279541016
8	4500	0.7447312474250793
8	5000	0.8441113233566284
8	5500	0.7497137784957886
8	6000	0.8115407228469849
8	6500	0.7437833547592163
8	7000	0.7594186067581177
8	7500	0.7485285997390747
8	8000	0.7440783381462097
8	8500	0.7458254098892212
8	9000	0.7473807334899902
8	9500	0.7468239068984985
8	10000	0.7854958772659302
8	10500	0.7453016042709351
8	11000	0.8039942979812622
8	11500	0.7761365175247192
8	12000	0.7448865175247192
8	12500	0.7505291700363159
8	13000	0.7499988675117493
8	13500	0.7452325820922852
8	14000	0.7753127217292786
8	14500	0.7535543441772461
8	15000	0.8301957845687866
8	15500	0.7534593939781189
8	16000	0.7460888624191284
8	16500	0.7451155185699463
8	17000	0.7579065561294556
8	17500	0.7583138942718506
8	18000	0.7446948289871216
8	18500	0.7487489581108093
8	19000	0.74444180727005
8	19500	0.7556236982345581
8	20000	0.7815831899642944
8	20500	0.763864278793335
8	21000	0.7811400294303894
8	21500	0.751952052116394
8	22000	0.7967424392700195
8	22500	0.7593573331832886
8	23000	0.8517540693283081
8	23500	0.7474471926689148
8	24000	0.7502729296684265
9	0	0.7837465405464172
9	500	0.7757613062858582
9	1000	0.8019068837165833
9	1500	0.7486885190010071
9	2000	0.7455275654792786
9	2500	0.7450689673423767
9	3000	0.7570372819900513
9	3500	0.7498090863227844
9	4000	0.7664067149162292
9	4500	0.7451214790344238
9	5000	0.8754580616950989
9	5500	0.8137567639350891
9	6000	0.8826711773872375
9	6500	0.7486021518707275
9	7000	0.7471826672554016
9	7500	0.7439885139465332
9	8000	0.7465301752090454
9	8500	0.7694698572158813
9	9000	0.7647339701652527
9	9500	0.7794318795204163
9	10000	0.749750554561615
9	10500	0.744216799736023
9	11000	0.8899694681167603
9	11500	0.7919797897338867
9	12000	0.7445909380912781
9	12500	0.7438233494758606
9	13000	0.7440142631530762
9	13500	0.7438885569572449
9	14000	0.8260353803634644
9	14500	0.7465759515762329
9	15000	0.838588535785675
9	15500	0.7491346001625061
9	16000	0.768693208694458
9	16500	0.7439690828323364
9	17000	0.7723107933998108
9	17500	0.7442060708999634
9	18000	0.7437500953674316
9	18500	0.7475720643997192
9	19000	0.74602210521698
9	19500	0.7458308935165405
9	20000	0.779969334602356
9	20500	0.755576491355896
9	21000	0.7447677850723267
9	21500	0.7891325354576111
9	22000	0.756146252155304
9	22500	0.7475012540817261
9	23000	0.9110641479492188
9	23500	0.7701647281646729
9	24000	0.7653746008872986
10	0	0.7471231818199158
10	500	0.7942737340927124
10	1000	0.7463151216506958
10	1500	0.7516888976097107
10	2000	0.7450276017189026
10	2500	0.7441273927688599
10	3000	0.744886040687561
10	3500	0.7845264673233032
10	4000	0.7491886615753174
10	4500	0.788466215133667
10	5000	0.8003966212272644
10	5500	0.7453392148017883
10	6000	0.7683443427085876
10	6500	0.7448797225952148
10	7000	0.7597923874855042
10	7500	0.7437328696250916
10	8000	0.7472230195999146
10	8500	0.7438110709190369
10	9000	0.7437409162521362
10	9500	0.7444430589675903
10	10000	0.7528759241104126
10	10500	0.7450283169746399
10	11000	0.74881511926651
10	11500	0.7495100498199463
10	12000	0.7437591552734375
10	12500	0.7437035441398621
10	13000	0.7436842918395996
10	13500	0.7499808669090271
10	14000	0.8407620191574097
10	14500	0.7634295225143433
10	15000	0.8208751678466797
10	15500	0.7476118803024292
10	16000	0.7526918649673462
10	16500	0.7453066110610962
10	17000	0.7459079623222351
10	17500	0.7627972364425659
10	18000	0.7460558414459229
10	18500	0.7577478289604187
10	19000	0.7451370358467102
10	19500	0.7439524531364441
10	20000	0.7564802765846252
10	20500	0.7536923885345459
10	21000	0.748837947845459
10	21500	0.7453111410140991
10	22000	0.7461633682250977
10	22500	0.7459242939949036
10	23000	0.8098160624504089
10	23500	0.7458921074867249
10	24000	0.7561417818069458

t	e	s	t	_	l	o	s	s
0	0.13824870775866982
24279	0.13502312898635865
48558	0.1299532011907885
72837	0.12898578201698152
97116	0.1305243594756979
121395	0.13075817283941946
145674	0.13051091428624084
169953	0.13052741135193022
194232	0.13089338241033996
218511	0.13115503097212078
