t	r	a	i	n	_	l	o	s	s
1	0	1.3838962316513062
1	500	1.388940691947937
1	1000	1.385121464729309
1	1500	1.3866056203842163
1	2000	1.3818262815475464
1	2500	1.381831169128418
1	3000	1.3905607461929321
1	3500	1.3922059535980225
1	4000	1.3841279745101929
1	4500	1.385567307472229
1	5000	1.3878141641616821
1	5500	1.3788926601409912
1	6000	1.3837299346923828
1	6500	1.3838831186294556
1	7000	1.3839695453643799
1	7500	1.3815441131591797
1	8000	1.380565881729126
1	8500	1.3847887516021729
1	9000	1.377636194229126
1	9500	1.3792202472686768
1	10000	1.3734846115112305
1	10500	1.3766686916351318
1	11000	1.395449161529541
1	11500	1.381362795829773
1	12000	1.3787572383880615
1	12500	1.3684660196304321
1	13000	1.3749492168426514
1	13500	1.3765294551849365
1	14000	1.3789526224136353
1	14500	1.355224370956421
1	15000	1.3065260648727417
1	15500	1.2624549865722656
1	16000	1.2083481550216675
1	16500	1.1343411207199097
1	17000	1.431938648223877
1	17500	1.3770732879638672
1	18000	1.3190914392471313
1	18500	1.2598375082015991
1	19000	1.1870098114013672
1	19500	1.526761770248413
1	20000	1.4726803302764893
1	20500	1.4030108451843262
1	21000	1.34161376953125
1	21500	1.2900093793869019
1	22000	1.5297521352767944
1	22500	1.4879192113876343
1	23000	1.4460442066192627
1	23500	1.4026403427124023
1	24000	1.3551292419433594
2	0	1.3610368967056274
2	500	1.3255478143692017
2	1000	1.3644214868545532
2	1500	1.3435375690460205
2	2000	1.319014072418213
2	2500	1.315477728843689
2	3000	1.3255494832992554
2	3500	1.324201226234436
2	4000	1.317129373550415
2	4500	1.2980440855026245
2	5000	1.2996113300323486
2	5500	1.280420184135437
2	6000	1.270744800567627
2	6500	1.253869891166687
2	7000	1.2740529775619507
2	7500	1.207709789276123
2	8000	1.239261507987976
2	8500	1.1915537118911743
2	9000	1.1732046604156494
2	9500	1.1398718357086182
2	10000	1.1166995763778687
2	10500	1.1139620542526245
2	11000	1.2103885412216187
2	11500	1.1132848262786865
2	12000	1.1084001064300537
2	12500	1.0410360097885132
2	13000	1.0435492992401123
2	13500	1.0535504817962646
2	14000	1.0962188243865967
2	14500	0.8860750198364258
2	15000	0.8391810655593872
2	15500	0.7915006875991821
2	16000	0.7676103115081787
2	16500	0.7563768625259399
2	17000	1.0110633373260498
2	17500	0.8392947316169739
2	18000	0.7776912450790405
2	18500	0.7774656414985657
2	19000	0.7627855539321899
2	19500	1.117999792098999
2	20000	1.014280080795288
2	20500	0.9265488386154175
2	21000	0.8518583178520203
2	21500	0.8216317892074585
2	22000	1.4571770429611206
2	22500	1.144282341003418
2	23000	1.0512093305587769
2	23500	0.9875295758247375
2	24000	0.928349494934082
3	0	0.9845244288444519
3	500	1.0156664848327637
3	1000	0.8282944560050964
3	1500	0.8768259286880493
3	2000	0.9576614499092102
3	2500	0.9317723512649536
3	3000	0.8795188665390015
3	3500	0.890188992023468
3	4000	0.8423157930374146
3	4500	0.882493793964386
3	5000	0.9322182536125183
3	5500	0.9467337727546692
3	6000	0.8726466298103333
3	6500	0.8386461138725281
3	7000	0.8479483723640442
3	7500	0.811660885810852
3	8000	0.8148801922798157
3	8500	0.7894991040229797
3	9000	0.8215728998184204
3	9500	0.8092972636222839
3	10000	0.8219567537307739
3	10500	0.7979505062103271
3	11000	0.9245230555534363
3	11500	0.805427074432373
3	12000	0.7771196961402893
3	12500	0.7630490064620972
3	13000	0.7712575793266296
3	13500	0.7711949944496155
3	14000	0.8710694313049316
3	14500	0.7771365642547607
3	15000	0.7940093874931335
3	15500	0.7622693181037903
3	16000	0.7461275458335876
3	16500	0.745108962059021
3	17000	0.8165780305862427
3	17500	0.7555187344551086
3	18000	0.7505141496658325
3	18500	0.7591058611869812
3	19000	0.7492374777793884
3	19500	0.8116599321365356
3	20000	0.7863873839378357
3	20500	0.7690672874450684
3	21000	0.7543347477912903
3	21500	0.7566901445388794
3	22000	0.9808005094528198
3	22500	0.7838233709335327
3	23000	0.8454554677009583
3	23500	0.7533355355262756
3	24000	0.7510192394256592
4	0	0.840770423412323
4	500	0.8536187410354614
4	1000	0.7506194710731506
4	1500	0.7624396085739136
4	2000	0.7797278165817261
4	2500	0.7620105147361755
4	3000	0.7517722845077515
4	3500	0.7614051103591919
4	4000	0.759273886680603
4	4500	0.7542417645454407
4	5000	0.8660980463027954
4	5500	0.8183673620223999
4	6000	0.8378583788871765
4	6500	0.7507918477058411
4	7000	0.7657321691513062
4	7500	0.7610568404197693
4	8000	0.7527951002120972
4	8500	0.7495439648628235
4	9000	0.7762447595596313
4	9500	0.7581202983856201
4	10000	0.7944876551628113
4	10500	0.7584006786346436
4	11000	0.840710461139679
4	11500	0.7644910216331482
4	12000	0.7481821775436401
4	12500	0.7453854084014893
4	13000	0.7495896816253662
4	13500	0.7484121918678284
4	14000	0.8340026140213013
4	14500	0.7650445699691772
4	15000	0.8002732992172241
4	15500	0.7594165205955505
4	16000	0.7447600364685059
4	16500	0.7443417310714722
4	17000	0.7864535450935364
4	17500	0.7492014765739441
4	18000	0.7467753887176514
4	18500	0.7588915824890137
4	19000	0.7474080324172974
4	19500	0.7660776972770691
4	20000	0.7725587487220764
4	20500	0.7578432559967041
4	21000	0.747933030128479
4	21500	0.7543819546699524
4	22000	0.8469363451004028
4	22500	0.7602659463882446
4	23000	0.851165771484375
4	23500	0.7478700280189514
4	24000	0.7471913695335388
5	0	0.7951362133026123
5	500	0.8034536242485046
5	1000	0.7456085681915283
5	1500	0.7519973516464233
5	2000	0.7601391673088074
5	2500	0.7493942379951477
5	3000	0.7458527088165283
5	3500	0.7524162530899048
5	4000	0.751533031463623
5	4500	0.7481767535209656
5	5000	0.8483025431632996
5	5500	0.7833272814750671
5	6000	0.8291727900505066
5	6500	0.7460488677024841
5	7000	0.7538149356842041
5	7500	0.7522222399711609
5	8000	0.7472133636474609
5	8500	0.7459707260131836
5	9000	0.7732676267623901
5	9500	0.7513896822929382
5	10000	0.7774044275283813
5	10500	0.7495893239974976
5	11000	0.7985612154006958
5	11500	0.7548341751098633
5	12000	0.7454568147659302
5	12500	0.7442225217819214
5	13000	0.7462350130081177
5	13500	0.7454957365989685
5	14000	0.8134497404098511
5	14500	0.7586387991905212
5	15000	0.8042230606079102
5	15500	0.7572118639945984
5	16000	0.7443891763687134
5	16500	0.7441475987434387
5	17000	0.7678578495979309
5	17500	0.7463310360908508
5	18000	0.7448971271514893
5	18500	0.7556890249252319
5	19000	0.7470319271087646
5	19500	0.7536738514900208
5	20000	0.7659350633621216
5	20500	0.7539758086204529
5	21000	0.7460867762565613
5	21500	0.7528089880943298
5	22000	0.7845262885093689
5	22500	0.7520971298217773
5	23000	0.8514446020126343
5	23500	0.7464208006858826
5	24000	0.7460574507713318
6	0	0.7722100615501404
6	500	0.7765323519706726
6	1000	0.7446110844612122
6	1500	0.7489364743232727
6	2000	0.7515109777450562
6	2500	0.7464198470115662
6	3000	0.7446152567863464
6	3500	0.7504395842552185
6	4000	0.7493025660514832
6	4500	0.7462059855461121
6	5000	0.8429792523384094
6	5500	0.7620199918746948
6	6000	0.8182762265205383
6	6500	0.7448662519454956
6	7000	0.7500277757644653
6	7500	0.7478524446487427
6	8000	0.7455624341964722
6	8500	0.7448977828025818
6	9000	0.7705270648002625
6	9500	0.7487553358078003
6	10000	0.7664677500724792
6	10500	0.7466241121292114
6	11000	0.7763376832008362
6	11500	0.7514064908027649
6	12000	0.7446356415748596
6	12500	0.743930459022522
6	13000	0.7451097369194031
6	13500	0.7446454763412476
6	14000	0.792354941368103
6	14500	0.753933846950531
6	15000	0.8060579299926758
6	15500	0.755439281463623
6	16000	0.7442115545272827
6	16500	0.7440552711486816
6	17000	0.7578296661376953
6	17500	0.7449957132339478
6	18000	0.7441638112068176
6	18500	0.7520514726638794
6	19000	0.7466580271720886
6	19500	0.7484017014503479
6	20000	0.7576379776000977
6	20500	0.7515461444854736
6	21000	0.7450834512710571
6	21500	0.7503631114959717
6	22000	0.7628756761550903
6	22500	0.7483712434768677
6	23000	0.84868323802948
6	23500	0.7456451654434204
6	24000	0.7454372644424438
7	0	0.7610780000686646
7	500	0.7636416554450989
7	1000	0.7442413568496704
7	1500	0.7474074363708496
7	2000	0.7477607727050781
7	2500	0.7453548312187195
7	3000	0.74419105052948
7	3500	0.749518871307373
7	4000	0.7484536170959473
7	4500	0.7452002167701721
7	5000	0.8401175737380981
7	5500	0.7522865533828735
7	6000	0.8096675872802734
7	6500	0.7443967461585999
7	7000	0.7480993270874023
7	7500	0.7458865642547607
7	8000	0.744853675365448
7	8500	0.7444356679916382
7	9000	0.767375111579895
7	9500	0.7474672198295593
7	10000	0.7615963220596313
7	10500	0.745354413986206
7	11000	0.766832709312439
7	11500	0.7494910359382629
7	12000	0.7442811727523804
7	12500	0.7438176870346069
7	13000	0.7445950508117676
7	13500	0.7442759275436401
7	14000	0.7767495512962341
7	14500	0.7504867911338806
7	15000	0.8067417144775391
7	15500	0.7538586854934692
7	16000	0.7440980672836304
7	16500	0.7439863681793213
7	17000	0.7523265480995178
7	17500	0.7443885207176208
7	18000	0.743886411190033
7	18500	0.7495542168617249
7	19000	0.7461734414100647
7	19500	0.7461540102958679
7	20000	0.7520827054977417
7	20500	0.7495192289352417
7	21000	0.7445117235183716
7	21500	0.7483927607536316
7	22000	0.7554190754890442
7	22500	0.7466146945953369
7	23000	0.8454515337944031
7	23500	0.7451395988464355
7	24000	0.7450167536735535
8	0	0.7550132870674133
8	500	0.757366418838501
8	1000	0.7440551519393921
8	1500	0.7464309930801392
8	2000	0.7460804581642151
8	2500	0.7448683977127075
8	3000	0.7440023422241211
8	3500	0.7487496137619019
8	4000	0.748031497001648
8	4500	0.74466472864151
8	5000	0.8378671407699585
8	5500	0.748314619064331
8	6000	0.8035537600517273
8	6500	0.7441674470901489
8	7000	0.7468451261520386
8	7500	0.7449285387992859
8	8000	0.7444941401481628
8	8500	0.7441893815994263
8	9000	0.7646851539611816
8	9500	0.7466557621955872
8	10000	0.757270336151123
8	10500	0.7447346448898315
8	11000	0.7613726854324341
8	11500	0.7482267618179321
8	12000	0.7440973520278931
8	12500	0.7437634468078613
8	13000	0.744296133518219
8	13500	0.7440773248672485
8	14000	0.7664179801940918
8	14500	0.7481708526611328
8	15000	0.806671142578125
8	15500	0.7527718544006348
8	16000	0.7440184354782104
8	16500	0.743930459022522
8	17000	0.7493942975997925
8	17500	0.7441039085388184
8	18000	0.7437768578529358
8	18500	0.7482846975326538
8	19000	0.7457615733146667
8	19500	0.7451022863388062
8	20000	0.7487401962280273
8	20500	0.7479443550109863
8	21000	0.7441855669021606
8	21500	0.7471295595169067
8	22000	0.7520094513893127
8	22500	0.7456236481666565
8	23000	0.8416787981987
8	23500	0.7447918653488159
8	24000	0.7446989417076111
9	0	0.7517748475074768
9	500	0.7544570565223694
9	1000	0.743942141532898
9	1500	0.7457464933395386
9	2000	0.7451717853546143
9	2500	0.7445926070213318
9	3000	0.7438989877700806
9	3500	0.7480947375297546
9	4000	0.7477719187736511
9	4500	0.7443514466285706
9	5000	0.8355976343154907
9	5500	0.7465142607688904
9	6000	0.7995349764823914
9	6500	0.7440310120582581
9	7000	0.7460182905197144
9	7500	0.7444765567779541
9	8000	0.7442704439163208
9	8500	0.7440465688705444
9	9000	0.7628425359725952
9	9500	0.7460649609565735
9	10000	0.7536287307739258
9	10500	0.744405210018158
9	11000	0.7576907277107239
9	11500	0.7473217248916626
9	12000	0.7439885139465332
9	12500	0.7437332272529602
9	13000	0.7441202402114868
9	13500	0.7439669966697693
9	14000	0.7597383260726929
9	14500	0.7466769814491272
9	15000	0.8061484098434448
9	15500	0.7519134283065796
9	16000	0.7439602017402649
9	16500	0.7438880205154419
9	17000	0.7478407621383667
9	17500	0.7439528703689575
9	18000	0.7437288761138916
9	18500	0.7472732663154602
9	19000	0.7454307675361633
9	19500	0.7445553541183472
9	20000	0.7469062805175781
9	20500	0.7467418909072876
9	21000	0.7439942359924316
9	21500	0.746245801448822
9	22000	0.750055193901062
9	22500	0.7449890375137329
9	23000	0.8384906649589539
9	23500	0.7445394992828369
9	24000	0.7444558143615723
10	0	0.750053346157074
10	500	0.7529242634773254
10	1000	0.743867814540863
10	1500	0.7452882528305054
10	2000	0.7446591258049011
10	2500	0.7444232106208801
10	3000	0.7438353896141052
10	3500	0.7475320100784302
10	4000	0.7475916743278503
10	4500	0.7441616058349609
10	5000	0.8333079218864441
10	5500	0.7455514073371887
10	6000	0.7970020771026611
10	6500	0.7439419031143188
10	7000	0.7454595565795898
10	7500	0.7442268133163452
10	8000	0.7441204190254211
10	8500	0.7439563870429993
10	9000	0.7617474794387817
10	9500	0.7455888986587524
10	10000	0.7511597871780396
10	10500	0.7442128658294678
10	11000	0.7547987699508667
10	11500	0.7466751337051392
10	12000	0.7439168691635132
10	12500	0.7437151074409485
10	13000	0.7440117001533508
10	13500	0.7438956499099731
10	14000	0.7554709315299988
10	14500	0.7456988096237183
10	15000	0.8053978681564331
10	15500	0.7510961294174194
10	16000	0.7439173460006714
10	16500	0.7438529133796692
10	17000	0.7468462586402893
10	17500	0.7438622713088989
10	18000	0.7437073588371277
10	18500	0.7465084791183472
10	19000	0.7451555132865906
10	19500	0.7442575693130493
10	20000	0.745999276638031
10	20500	0.7459284663200378
10	21000	0.7438850402832031
10	21500	0.745589554309845
10	22000	0.7486662268638611
10	22500	0.7446284294128418
10	23000	0.8360481262207031
10	23500	0.7443557977676392
10	24000	0.7442754507064819

t	e	s	t	_	l	o	s	s
0	0.1386234359235953
24279	0.13845157623291016
48558	0.13245225667164026
72837	0.13250641383345815
97116	0.1328628765694616
121395	0.13314689347812408
145674	0.13335803211656364
169953	0.13349255108938576
194232	0.13348695467376287
218511	0.13338955623687762
