t	r	a	i	n	_	l	o	s	s
1	0	1.3948560953140259
1	500	1.3875614404678345
1	1000	1.3925416469573975
1	1500	1.3921339511871338
1	2000	1.3832309246063232
1	2500	1.3815062046051025
1	3000	1.3864705562591553
1	3500	1.3896427154541016
1	4000	1.386005163192749
1	4500	1.3794599771499634
1	5000	1.3836559057235718
1	5500	1.374191403388977
1	6000	1.3839914798736572
1	6500	1.381809949874878
1	7000	1.3817509412765503
1	7500	1.385635256767273
1	8000	1.3816977739334106
1	8500	1.3934789896011353
1	9000	1.3856710195541382
1	9500	1.3807085752487183
1	10000	1.3764712810516357
1	10500	1.3767318725585938
1	11000	1.4022165536880493
1	11500	1.3876242637634277
1	12000	1.3747714757919312
1	12500	1.3859155178070068
1	13000	1.3788459300994873
1	13500	1.377930760383606
1	14000	1.3804776668548584
2	0	1.3890265226364136
2	500	1.3730381727218628
2	1000	1.382089376449585
2	1500	1.384772539138794
2	2000	1.3788214921951294
2	2500	1.3705018758773804
2	3000	1.3746789693832397
2	3500	1.3832093477249146
2	4000	1.3882687091827393
2	4500	1.3603479862213135
2	5000	1.3788405656814575
2	5500	1.3658291101455688
2	6000	1.3761813640594482
2	6500	1.37925124168396
2	7000	1.3627735376358032
2	7500	1.3681111335754395
2	8000	1.3687138557434082
2	8500	1.3780155181884766
2	9000	1.3627841472625732
2	9500	1.3658415079116821
2	10000	1.3556724786758423
2	10500	1.3677375316619873
2	11000	1.397373914718628
2	11500	1.3800899982452393
2	12000	1.3587446212768555
2	12500	1.3638575077056885
2	13000	1.3721572160720825
2	13500	1.34927237033844
2	14000	1.3413313627243042
3	0	1.3534281253814697
3	500	1.3516299724578857
3	1000	1.319072961807251
3	1500	1.3526443243026733
3	2000	1.3445422649383545
3	2500	1.3469866514205933
3	3000	1.3132210969924927
3	3500	1.3488590717315674
3	4000	1.3534657955169678
3	4500	1.3294405937194824
3	5000	1.3456573486328125
3	5500	1.308714509010315
3	6000	1.3143470287322998
3	6500	1.2467116117477417
3	7000	1.2897924184799194
3	7500	1.2477715015411377
3	8000	1.2521346807479858
3	8500	1.236015796661377
3	9000	1.2333447933197021
3	9500	1.1919704675674438
3	10000	1.2687946557998657
3	10500	1.1511411666870117
3	11000	1.159597396850586
3	11500	1.1927129030227661
3	12000	1.0978267192840576
3	12500	1.0668566226959229
3	13000	1.0646932125091553
3	13500	1.0729379653930664
3	14000	1.0458557605743408
4	0	1.030510425567627
4	500	1.0999176502227783
4	1000	0.9899487495422363
4	1500	0.9902893900871277
4	2000	1.081855058670044
4	2500	1.0173428058624268
4	3000	0.9928463697433472
4	3500	0.9755311012268066
4	4000	0.9602521061897278
4	4500	0.9881676435470581
4	5000	0.9826574325561523
4	5500	1.0198460817337036
4	6000	0.9485015869140625
4	6500	0.9242365956306458
4	7000	0.9187973141670227
4	7500	0.9041086435317993
4	8000	0.9709938764572144
4	8500	0.9043485522270203
4	9000	0.9261101484298706
4	9500	0.9844719767570496
4	10000	0.9279443621635437
4	10500	0.9061919450759888
4	11000	0.9670335650444031
4	11500	0.9105318784713745
4	12000	0.8689358830451965
4	12500	0.9063853025436401
4	13000	0.8930870294570923
4	13500	0.8752803802490234
4	14000	0.9882189035415649
5	0	0.9033282399177551
5	500	0.9505757093429565
5	1000	0.8561480641365051
5	1500	0.9070858955383301
5	2000	0.9035093188285828
5	2500	0.9259634017944336
5	3000	0.9334719777107239
5	3500	0.8634340167045593
5	4000	0.8469032049179077
5	4500	0.8612716794013977
5	5000	0.9428739547729492
5	5500	0.8838285207748413
5	6000	0.84898442029953
5	6500	0.8462018966674805
5	7000	0.8153340220451355
5	7500	0.793643057346344
5	8000	0.8213583827018738
5	8500	0.8074313998222351
5	9000	0.8986459970474243
5	9500	0.8461183309555054
5	10000	0.8584569096565247
5	10500	0.8357080221176147
5	11000	0.8397213816642761
5	11500	0.9229776263237
5	12000	0.7855480313301086
5	12500	0.8206738233566284
5	13000	0.748900294303894
5	13500	0.7791731357574463
5	14000	0.8758163452148438
6	0	0.861799418926239
6	500	0.8293392062187195
6	1000	0.7608162760734558
6	1500	0.8058215379714966
6	2000	0.8813878297805786
6	2500	0.7590047121047974
6	3000	0.7763027548789978
6	3500	0.7878779172897339
6	4000	0.8073368072509766
6	4500	0.7714547514915466
6	5000	0.8505169749259949
6	5500	0.7812362313270569
6	6000	0.840368390083313
6	6500	0.7884846925735474
6	7000	0.8155559301376343
6	7500	0.747111439704895
6	8000	0.7807314395904541
6	8500	0.7608834505081177
6	9000	0.7710250020027161
6	9500	0.7660134434700012
6	10000	0.7927886843681335
6	10500	0.7961889505386353
6	11000	0.8735839128494263
6	11500	0.8164156079292297
6	12000	0.7579643130302429
6	12500	0.7664519548416138
6	13000	0.7624459862709045
6	13500	0.7446597814559937
6	14000	0.7654461860656738
7	0	0.8450698852539062
7	500	0.7686322927474976
7	1000	0.753605842590332
7	1500	0.777012825012207
7	2000	0.8334025144577026
7	2500	0.8285358548164368
7	3000	0.7452046275138855
7	3500	0.7818011045455933
7	4000	0.7846148610115051
7	4500	0.7463772296905518
7	5000	0.8465036153793335
7	5500	0.7879096269607544
7	6000	0.7845739126205444
7	6500	0.7567062973976135
7	7000	0.7564676403999329
7	7500	0.7520379424095154
7	8000	0.7917075753211975
7	8500	0.7687705755233765
7	9000	0.7787753939628601
7	9500	0.7796363234519958
7	10000	0.7588992714881897
7	10500	0.7541857361793518
7	11000	0.8680952191352844
7	11500	0.8239527940750122
7	12000	0.7591409683227539
7	12500	0.7499843239784241
7	13000	0.7578950524330139
7	13500	0.8254642486572266
7	14000	0.7672893404960632
8	0	0.7610119581222534
8	500	0.7469684481620789
8	1000	0.7648595571517944
8	1500	0.7580356597900391
8	2000	0.7888825535774231
8	2500	0.7650425434112549
8	3000	0.7456851601600647
8	3500	0.8127252459526062
8	4000	0.7667328119277954
8	4500	0.7455136775970459
8	5000	0.7875112295150757
8	5500	0.7918860912322998
8	6000	0.7638245820999146
8	6500	0.7786799669265747
8	7000	0.7560610771179199
8	7500	0.7446121573448181
8	8000	0.768924355506897
8	8500	0.7621645927429199
8	9000	0.7689943909645081
8	9500	0.8151790499687195
8	10000	0.7460491061210632
8	10500	0.744809627532959
8	11000	0.7659865617752075
8	11500	0.7751137614250183
8	12000	0.7568811178207397
8	12500	0.7502871751785278
8	13000	0.7450255751609802
8	13500	0.7438833117485046
8	14000	0.8323319554328918
9	0	0.7612968683242798
9	500	0.7441872954368591
9	1000	0.7653898596763611
9	1500	0.7614036798477173
9	2000	0.7831224799156189
9	2500	0.7590381503105164
9	3000	0.7443735003471375
9	3500	0.7580857872962952
9	4000	0.750312089920044
9	4500	0.7441335320472717
9	5000	0.8427454829216003
9	5500	0.748030960559845
9	6000	0.7779715657234192
9	6500	0.7449547052383423
9	7000	0.7556918859481812
9	7500	0.7495487928390503
9	8000	0.7594438791275024
9	8500	0.7467585802078247
9	9000	0.745686411857605
9	9500	0.8029988408088684
9	10000	0.7463078498840332
9	10500	0.7697478532791138
9	11000	0.8403717279434204
9	11500	0.7503034472465515
9	12000	0.7440415024757385
9	12500	0.7470074892044067
9	13000	0.7579827308654785
9	13500	0.7449989914894104
9	14000	0.8493061065673828
10	0	0.7554329633712769
10	500	0.7609370946884155
10	1000	0.760664701461792
10	1500	0.7540735602378845
10	2000	0.7708380818367004
10	2500	0.779784083366394
10	3000	0.7518560886383057
10	3500	0.7461469769477844
10	4000	0.7661644220352173
10	4500	0.7481728792190552
10	5000	0.7923728823661804
10	5500	0.7453941702842712
10	6000	0.8016824722290039
10	6500	0.744403600692749
10	7000	0.7459975481033325
10	7500	0.7474685907363892
10	8000	0.7659323811531067
10	8500	0.7457764744758606
10	9000	0.7699997425079346
10	9500	0.7490826845169067
10	10000	0.7757395505905151
10	10500	0.7522372603416443
10	11000	0.8159564137458801
10	11500	0.8206462860107422
10	12000	0.7465183734893799
10	12500	0.765616238117218
10	13000	0.7525111436843872
10	13500	0.7445690631866455
10	14000	0.7763813734054565

t	e	s	t	_	l	o	s	s
0	0.13906964284694748
14279	0.1391839826870175
28558	0.13922371853792642
42837	0.13967726899035457
57116	0.13897321521577982
71395	0.13879154410056985
85674	0.13803865800367024
99953	0.13903105579990951
114232	0.13828596579318014
128511	0.1383603194823065
