t	r	a	i	n	_	l	o	s	s
1	0	1.3853861093521118
1	500	1.3779661655426025
1	1000	1.392849087715149
1	1500	1.3838012218475342
1	2000	1.3799302577972412
1	2500	1.3845016956329346
1	3000	1.3826701641082764
1	3500	1.3804161548614502
1	4000	1.389228105545044
1	4500	1.3826377391815186
1	5000	1.3821909427642822
1	5500	1.383485198020935
1	6000	1.388103723526001
1	6500	1.3820431232452393
1	7000	1.3832653760910034
1	7500	1.3889087438583374
1	8000	1.3798410892486572
1	8500	1.3869554996490479
1	9000	1.3799482583999634
1	9500	1.3840343952178955
1	10000	1.3901385068893433
1	10500	1.3904539346694946
1	11000	1.3793225288391113
1	11500	1.3837146759033203
1	12000	1.3763586282730103
1	12500	1.3793373107910156
1	13000	1.3856844902038574
1	13500	1.3766201734542847
1	14000	1.3893381357192993
2	0	1.3831442594528198
2	500	1.3691822290420532
2	1000	1.3888309001922607
2	1500	1.3821918964385986
2	2000	1.3759095668792725
2	2500	1.3763483762741089
2	3000	1.3718593120574951
2	3500	1.3726048469543457
2	4000	1.3832958936691284
2	4500	1.365532398223877
2	5000	1.3734649419784546
2	5500	1.3703019618988037
2	6000	1.375727653503418
2	6500	1.3742763996124268
2	7000	1.3661106824874878
2	7500	1.3755977153778076
2	8000	1.3643710613250732
2	8500	1.3796684741973877
2	9000	1.36599600315094
2	9500	1.3673985004425049
2	10000	1.358069896697998
2	10500	1.3573808670043945
2	11000	1.3756635189056396
2	11500	1.363508939743042
2	12000	1.3578829765319824
2	12500	1.3537096977233887
2	13000	1.349508285522461
2	13500	1.3401403427124023
2	14000	1.3528151512145996
3	0	1.3475236892700195
3	500	1.3434876203536987
3	1000	1.3236204385757446
3	1500	1.3332759141921997
3	2000	1.3442580699920654
3	2500	1.336866855621338
3	3000	1.307159662246704
3	3500	1.306342601776123
3	4000	1.300855278968811
3	4500	1.2739269733428955
3	5000	1.2882282733917236
3	5500	1.3024247884750366
3	6000	1.2516711950302124
3	6500	1.2775616645812988
3	7000	1.2189826965332031
3	7500	1.2097607851028442
3	8000	1.2295277118682861
3	8500	1.214661955833435
3	9000	1.2228164672851562
3	9500	1.1769046783447266
3	10000	1.1002840995788574
3	10500	1.0773106813430786
3	11000	1.2682133913040161
3	11500	1.1588417291641235
3	12000	1.179611086845398
3	12500	1.1087605953216553
3	13000	1.055296540260315
3	13500	1.1102279424667358
3	14000	1.069774866104126
4	0	1.0586187839508057
4	500	1.1696609258651733
4	1000	0.9809373021125793
4	1500	1.0096429586410522
4	2000	1.079331636428833
4	2500	1.0572799444198608
4	3000	1.0566540956497192
4	3500	1.0246423482894897
4	4000	0.9701725244522095
4	4500	1.021460771560669
4	5000	1.0329525470733643
4	5500	1.0181928873062134
4	6000	0.9842908978462219
4	6500	0.9471367001533508
4	7000	0.9789511561393738
4	7500	0.9217155575752258
4	8000	0.9707019925117493
4	8500	0.8666809797286987
4	9000	0.965160071849823
4	9500	0.9330533146858215
4	10000	0.9648482203483582
4	10500	0.9591951370239258
4	11000	0.9489771127700806
4	11500	0.9221914410591125
4	12000	0.9188727140426636
4	12500	0.8871385455131531
4	13000	0.888771653175354
4	13500	0.9126221537590027
4	14000	0.943627655506134
5	0	0.8935721516609192
5	500	0.9382616281509399
5	1000	0.8632852435112
5	1500	0.8618711233139038
5	2000	0.9189155697822571
5	2500	0.9274379014968872
5	3000	0.9369412660598755
5	3500	0.9129754900932312
5	4000	0.8711312413215637
5	4500	0.9536336064338684
5	5000	0.9441231489181519
5	5500	0.9454379081726074
5	6000	0.9410306811332703
5	6500	0.8764689564704895
5	7000	0.9288051724433899
5	7500	0.8801925778388977
5	8000	0.929205060005188
5	8500	0.8297861218452454
5	9000	0.9293304681777954
5	9500	0.8840996623039246
5	10000	0.9491388201713562
5	10500	0.9452411532402039
5	11000	0.906197190284729
5	11500	0.9006463885307312
5	12000	0.8936894536018372
5	12500	0.8632047772407532
5	13000	0.8785367012023926
5	13500	0.8989540934562683
5	14000	0.9131271243095398
6	0	0.8671382069587708
6	500	0.8938719034194946
6	1000	0.8560670018196106
6	1500	0.8515251278877258
6	2000	0.8935044407844543
6	2500	0.909875214099884
6	3000	0.9240671396255493
6	3500	0.9021870493888855
6	4000	0.8560601472854614
6	4500	0.935528576374054
6	5000	0.908207893371582
6	5500	0.9172011613845825
6	6000	0.9434524774551392
6	6500	0.860042929649353
6	7000	0.9120031595230103
6	7500	0.8689831495285034
6	8000	0.909570038318634
6	8500	0.8245174288749695
6	9000	0.9357007741928101
6	9500	0.8646537661552429
6	10000	0.933498203754425
6	10500	0.9701646566390991
6	11000	0.9028307795524597
6	11500	0.8908663988113403
6	12000	0.8620185852050781
6	12500	0.8344417810440063
6	13000	0.8692444562911987
6	13500	0.8839114904403687
6	14000	0.8971861600875854
7	0	0.8560290336608887
7	500	0.8577983975410461
7	1000	0.8571839332580566
7	1500	0.8454090356826782
7	2000	0.8594022989273071
7	2500	0.8948243856430054
7	3000	0.8998719453811646
7	3500	0.8843315243721008
7	4000	0.8492876887321472
7	4500	0.8969359397888184
7	5000	0.8799164891242981
7	5500	0.8791838884353638
7	6000	0.9355770945549011
7	6500	0.8391839861869812
7	7000	0.8879249691963196
7	7500	0.8513323068618774
7	8000	0.8714483380317688
7	8500	0.8179354667663574
7	9000	0.9137752652168274
7	9500	0.8500416874885559
7	10000	0.9118435978889465
7	10500	0.9667547941207886
7	11000	0.9351305961608887
7	11500	0.8681719899177551
7	12000	0.8222073316574097
7	12500	0.7953261137008667
7	13000	0.8491295576095581
7	13500	0.8582085371017456
7	14000	0.8796905279159546
8	0	0.8489717245101929
8	500	0.8210767507553101
8	1000	0.8547393083572388
8	1500	0.835019588470459
8	2000	0.8059369921684265
8	2500	0.8587056994438171
8	3000	0.8662886619567871
8	3500	0.8663753271102905
8	4000	0.8370593190193176
8	4500	0.8552107810974121
8	5000	0.8670942187309265
8	5500	0.8278903961181641
8	6000	0.9133012890815735
8	6500	0.8138446807861328
8	7000	0.8651361465454102
8	7500	0.834118664264679
8	8000	0.839836597442627
8	8500	0.8054742813110352
8	9000	0.8734620213508606
8	9500	0.828384518623352
8	10000	0.8954765200614929
8	10500	0.9343286752700806
8	11000	0.9434930682182312
8	11500	0.8470383882522583
8	12000	0.8049610257148743
8	12500	0.7773279547691345
8	13000	0.8327100872993469
8	13500	0.8397604823112488
8	14000	0.8667311668395996
9	0	0.8428922891616821
9	500	0.7956210970878601
9	1000	0.851826548576355
9	1500	0.8283832669258118
9	2000	0.7849394083023071
9	2500	0.8243197202682495
9	3000	0.8545911908149719
9	3500	0.8561744689941406
9	4000	0.8301603198051453
9	4500	0.8345640301704407
9	5000	0.8649024963378906
9	5500	0.8002837896347046
9	6000	0.8923883438110352
9	6500	0.8033820986747742
9	7000	0.8557653427124023
9	7500	0.8275057673454285
9	8000	0.829437255859375
9	8500	0.799826979637146
9	9000	0.8504897356033325
9	9500	0.8152045011520386
9	10000	0.8872039914131165
9	10500	0.9092457890510559
9	11000	0.9393224716186523
9	11500	0.8354665637016296
9	12000	0.7999275922775269
9	12500	0.7727478742599487
9	13000	0.8265120387077332
9	13500	0.8314676284790039
9	14000	0.8601375818252563
10	0	0.8380637168884277
10	500	0.7845247387886047
10	1000	0.8502410650253296
10	1500	0.8256182670593262
10	2000	0.7805091738700867
10	2500	0.8038357496261597
10	3000	0.851307213306427
10	3500	0.8522160649299622
10	4000	0.8272327184677124
10	4500	0.8280709385871887
10	5000	0.866242527961731
10	5500	0.788432240486145
10	6000	0.8797666430473328
10	6500	0.8000980615615845
10	7000	0.8525088429450989
10	7500	0.8253496885299683
10	8000	0.8262614011764526
10	8500	0.7980124950408936
10	9000	0.8370059728622437
10	9500	0.8074650764465332
10	10000	0.882854163646698
10	10500	0.894801914691925
10	11000	0.932464599609375
10	11500	0.8297865986824036
10	12000	0.7981818914413452
10	12500	0.7713550329208374
10	13000	0.8243802189826965
10	13500	0.8276224136352539
10	14000	0.8569405674934387

t	e	s	t	_	l	o	s	s
0	0.1386355986658311
14279	0.1389788260259902
28558	0.13927483416550995
42837	0.13831926092143618
57116	0.14029209169067822
71395	0.14224769940176285
85674	0.14419434157428362
99953	0.14519728732688011
114232	0.1454308839033771
128511	0.14541112771360554
