t	r	a	i	n	_	l	o	s	s
1	0	1.3765755891799927
1	500	1.3922187089920044
1	1000	1.3808571100234985
1	1500	1.3643494844436646
1	2000	1.380854606628418
1	2500	1.3757097721099854
1	3000	1.3752415180206299
1	3500	1.3801225423812866
1	4000	1.3634679317474365
1	4500	1.3819741010665894
1	5000	1.3703289031982422
1	5500	1.3789087533950806
1	6000	1.3587181568145752
1	6500	1.3870229721069336
1	7000	1.34719979763031
1	7500	1.3800289630889893
1	8000	1.350935697555542
1	8500	1.35796320438385
1	9000	1.3709657192230225
1	9500	1.368051290512085
1	10000	1.3285611867904663
1	10500	1.3620058298110962
1	11000	1.3914391994476318
1	11500	1.3691174983978271
1	12000	1.3351322412490845
1	12500	1.2911152839660645
1	13000	1.3262684345245361
1	13500	1.3156429529190063
1	14000	1.322386384010315
2	0	1.3043460845947266
2	500	1.3267384767532349
2	1000	1.2968478202819824
2	1500	1.2600265741348267
2	2000	1.2504730224609375
2	2500	1.2553799152374268
2	3000	1.2812833786010742
2	3500	1.2403414249420166
2	4000	1.2362558841705322
2	4500	1.246736764907837
2	5000	1.180597186088562
2	5500	1.1888306140899658
2	6000	1.1838369369506836
2	6500	1.1771323680877686
2	7000	1.1136064529418945
2	7500	1.0926117897033691
2	8000	1.072674036026001
2	8500	1.044374942779541
2	9000	0.9955081939697266
2	9500	1.0175135135650635
2	10000	0.9914981126785278
2	10500	1.01944100856781
2	11000	1.1535955667495728
2	11500	1.0595619678497314
2	12000	0.9684541821479797
2	12500	0.8765990138053894
2	13000	0.9855015873908997
2	13500	0.8687788844108582
2	14000	0.8841418027877808
3	0	0.9271929860115051
3	500	1.0037004947662354
3	1000	0.8634569048881531
3	1500	0.8481610417366028
3	2000	1.0282108783721924
3	2500	0.8639322519302368
3	3000	0.9063475728034973
3	3500	0.9326473474502563
3	4000	0.8515868186950684
3	4500	0.8186632394790649
3	5000	0.9823010563850403
3	5500	0.9421678781509399
3	6000	0.8841158151626587
3	6500	0.8084288835525513
3	7000	0.8210629224777222
3	7500	0.8398691415786743
3	8000	0.8563297986984253
3	8500	0.8170987963676453
3	9000	0.8200888633728027
3	9500	0.8657854795455933
3	10000	0.8815354108810425
3	10500	0.8851119875907898
3	11000	0.9270340204238892
3	11500	0.8875373601913452
3	12000	0.7824468612670898
3	12500	0.7521786093711853
3	13000	0.8030997514724731
3	13500	0.7709290981292725
3	14000	0.8843547105789185
4	0	0.8147128224372864
4	500	0.8588790893554688
4	1000	0.7947044372558594
4	1500	0.8524770736694336
4	2000	0.876148521900177
4	2500	0.7880388498306274
4	3000	0.8158870935440063
4	3500	0.7758920788764954
4	4000	0.8598904609680176
4	4500	0.7741912007331848
4	5000	0.8787375688552856
4	5500	0.8208797574043274
4	6000	0.8181206583976746
4	6500	0.7851556539535522
4	7000	0.7784671187400818
4	7500	0.7851807475090027
4	8000	0.7729591131210327
4	8500	0.7847002744674683
4	9000	0.7726236581802368
4	9500	0.8586499094963074
4	10000	0.8342045545578003
4	10500	0.8040429949760437
4	11000	0.8895843625068665
4	11500	0.8924026489257812
4	12000	0.7727038860321045
4	12500	0.7631110548973083
4	13000	0.8669923543930054
4	13500	0.7785281538963318
4	14000	0.7694164514541626
5	0	0.8184138536453247
5	500	0.839773952960968
5	1000	0.7643042206764221
5	1500	0.7813910841941833
5	2000	0.8189455270767212
5	2500	0.778436005115509
5	3000	0.7695639133453369
5	3500	0.7728637456893921
5	4000	0.8532708287239075
5	4500	0.7471145987510681
5	5000	0.8541067242622375
5	5500	0.7607108950614929
5	6000	0.8987699747085571
5	6500	0.7526858448982239
5	7000	0.7991158962249756
5	7500	0.7588943839073181
5	8000	0.7468377947807312
5	8500	0.8430402874946594
5	9000	0.7529267072677612
5	9500	0.7705532908439636
5	10000	0.7560325860977173
5	10500	0.8359183073043823
5	11000	0.8221350908279419
5	11500	0.7921665906906128
5	12000	0.7551620006561279
5	12500	0.7508062124252319
5	13000	0.7505966424942017
5	13500	0.7477049231529236
5	14000	0.8559814691543579
6	0	0.8264719843864441
6	500	0.8292757272720337
6	1000	0.7765991687774658
6	1500	0.7697451710700989
6	2000	0.791595458984375
6	2500	0.9099092483520508
6	3000	0.7579072117805481
6	3500	0.758587121963501
6	4000	0.7768175005912781
6	4500	0.7459104657173157
6	5000	0.8062154054641724
6	5500	0.8517169952392578
6	6000	0.754562258720398
6	6500	0.7524675130844116
6	7000	0.776745080947876
6	7500	0.7690366506576538
6	8000	0.7442466020584106
6	8500	0.7534867525100708
6	9000	0.7953984141349792
6	9500	0.8402777910232544
6	10000	0.7717753052711487
6	10500	0.7780770063400269
6	11000	0.8636751174926758
6	11500	0.761498749256134
6	12000	0.7534388899803162
6	12500	0.7460406422615051
6	13000	0.7606652975082397
6	13500	0.7597216367721558
6	14000	0.7737849950790405
7	0	0.7556283473968506
7	500	0.7635809779167175
7	1000	0.7725455164909363
7	1500	0.7595510482788086
7	2000	0.8136045336723328
7	2500	0.7470476031303406
7	3000	0.7476411461830139
7	3500	0.7586039304733276
7	4000	0.745669424533844
7	4500	0.7550210952758789
7	5000	0.7678593397140503
7	5500	0.7490787506103516
7	6000	0.744815468788147
7	6500	0.774617075920105
7	7000	0.757470965385437
7	7500	0.748430073261261
7	8000	0.7623883485794067
7	8500	0.7585920095443726
7	9000	0.7474932074546814
7	9500	0.8516784906387329
7	10000	0.7548888921737671
7	10500	0.7472858428955078
7	11000	0.8039631843566895
7	11500	0.7651534676551819
7	12000	0.7447822093963623
7	12500	0.743976891040802
7	13000	0.7461862564086914
7	13500	0.7462086081504822
7	14000	0.7474636435508728
8	0	0.7550379037857056
8	500	0.7521816492080688
8	1000	0.7472662329673767
8	1500	0.8054203987121582
8	2000	0.8379689455032349
8	2500	0.7773345708847046
8	3000	0.7466260194778442
8	3500	0.7661850452423096
8	4000	0.755494236946106
8	4500	0.7494706511497498
8	5000	0.7626972198486328
8	5500	0.7618504762649536
8	6000	0.8157289624214172
8	6500	0.7454424500465393
8	7000	0.7472459077835083
8	7500	0.7493003606796265
8	8000	0.7526940107345581
8	8500	0.7463160753250122
8	9000	0.7462546229362488
8	9500	0.801556408405304
8	10000	0.753963828086853
8	10500	0.7685773372650146
8	11000	0.9159296751022339
8	11500	0.8804523348808289
8	12000	0.7498536109924316
8	12500	0.7503358125686646
8	13000	0.7466368079185486
8	13500	0.7609797716140747
8	14000	0.7564123868942261
9	0	0.8586783409118652
9	500	0.7537760734558105
9	1000	0.7452665567398071
9	1500	0.751296877861023
9	2000	0.7605297565460205
9	2500	0.7721493244171143
9	3000	0.7688056230545044
9	3500	0.758231520652771
9	4000	0.776821494102478
9	4500	0.7462835907936096
9	5000	0.8272026181221008
9	5500	0.7446578741073608
9	6000	0.8471823930740356
9	6500	0.7520884275436401
9	7000	0.7446249723434448
9	7500	0.7450893521308899
9	8000	0.7452138066291809
9	8500	0.7482916116714478
9	9000	0.744850754737854
9	9500	0.7982164025306702
9	10000	0.8061444163322449
9	10500	0.7530967593193054
9	11000	0.8191366195678711
9	11500	0.7565674781799316
9	12000	0.802657961845398
9	12500	0.7461229562759399
9	13000	0.7440119981765747
9	13500	0.7453240156173706
9	14000	0.7466023564338684
10	0	0.7453476190567017
10	500	0.7662545442581177
10	1000	0.7442010641098022
10	1500	0.7709981203079224
10	2000	0.8015947341918945
10	2500	0.8083354830741882
10	3000	0.7438646554946899
10	3500	0.7443760633468628
10	4000	0.758874237537384
10	4500	0.7449775338172913
10	5000	0.8487743139266968
10	5500	0.8455125689506531
10	6000	0.773394763469696
10	6500	0.7499192953109741
10	7000	0.8010966181755066
10	7500	0.7449896931648254
10	8000	0.7452214956283569
10	8500	0.7439901828765869
10	9000	0.751952588558197
10	9500	0.7505501508712769
10	10000	0.754831850528717
10	10500	0.7476860284805298
10	11000	0.8044840097427368
10	11500	0.7526200413703918
10	12000	0.7497978210449219
10	12500	0.7459256052970886
10	13000	0.7456226944923401
10	13500	0.7438181638717651
10	14000	0.7448169589042664

t	e	s	t	_	l	o	s	s
0	0.13822101246705382
14279	0.13695785201937946
28558	0.1366174906294867
42837	0.13635403536276575
57116	0.13633214708985084
71395	0.13696467590910974
85674	0.13665742967565592
99953	0.13681380197438708
114232	0.13706833046529993
128511	0.13599599420892744
