t	r	a	i	n	_	l	o	s	s
1	0	1.4372040033340454
1	500	0.9730324745178223
1	1000	0.8707907795906067
1	1500	0.8292859196662903
1	2000	0.8073649406433105
1	2500	0.7938919067382812
1	3000	1.5408293008804321
1	3500	1.0559570789337158
1	4000	0.9120420217514038
1	4500	0.8525103330612183
1	5000	0.8226984739303589
1	5500	0.8053215146064758
1	6000	1.7198988199234009
1	6500	1.5245802402496338
1	7000	1.0142827033996582
1	7500	0.8774808049201965
1	8000	0.8279520273208618
1	8500	0.8018189668655396
1	9000	1.3872616291046143
1	9500	1.004434585571289
1	10000	0.8811241388320923
1	10500	0.8317852020263672
1	11000	0.8056726455688477
1	11500	0.7924888134002686
2	0	0.8899192810058594
2	500	0.8209924697875977
2	1000	0.7960430383682251
2	1500	0.7841981649398804
2	2000	0.7767361402511597
2	2500	0.7714711427688599
2	3000	1.1530063152313232
2	3500	0.954018771648407
2	4000	0.8624457120895386
2	4500	0.8193739652633667
2	5000	0.7988153100013733
2	5500	0.7867008447647095
2	6000	1.2537505626678467
2	6500	0.8786976933479309
2	7000	0.8163862228393555
2	7500	0.7986167669296265
2	8000	0.7879533767700195
2	8500	0.7775437831878662
2	9000	0.8119559288024902
2	9500	0.7923298478126526
2	10000	0.7810739278793335
2	10500	0.7747219204902649
2	11000	0.7692632079124451
2	11500	0.766488254070282
3	0	0.7794174551963806
3	500	0.7736150622367859
3	1000	0.7688034176826477
3	1500	0.7658739686012268
3	2000	0.763405978679657
3	2500	0.7612675428390503
3	3000	0.961744487285614
3	3500	0.8650250434875488
3	4000	0.8171411752700806
3	4500	0.7960406541824341
3	5000	0.7844446897506714
3	5500	0.7764929533004761
3	6000	0.9495238065719604
3	6500	0.8187916874885559
3	7000	0.7921338081359863
3	7500	0.7843462824821472
3	8000	0.7783317565917969
3	8500	0.7700570225715637
3	9000	0.7771967649459839
3	9500	0.7711559534072876
3	10000	0.7667417526245117
3	10500	0.7636959552764893
3	11000	0.7608129978179932
3	11500	0.7595246434211731
4	0	0.7628953456878662
4	500	0.7613698244094849
4	1000	0.7594796419143677
4	1500	0.7583729028701782
4	2000	0.7572535276412964
4	2500	0.756153404712677
4	3000	0.8575274348258972
4	3500	0.8125192523002625
4	4000	0.7915390133857727
4	4500	0.7814054489135742
4	5000	0.7748206257820129
4	5500	0.7695521116256714
4	6000	0.8376178741455078
4	6500	0.7927103638648987
4	7000	0.7792309522628784
4	7500	0.7758322954177856
4	8000	0.7722412347793579
4	8500	0.7653626203536987
4	9000	0.7648993730545044
4	9500	0.7623936533927917
4	10000	0.7602020502090454
4	10500	0.7583879828453064
4	11000	0.7565771341323853
4	11500	0.7558948993682861
5	0	0.7568263411521912
5	500	0.7562288045883179
5	1000	0.7551738023757935
5	1500	0.7546283602714539
5	2000	0.7539901733398438
5	2500	0.7533067464828491
5	3000	0.8088567852973938
5	3500	0.788974940776825
5	4000	0.7782244682312012
5	4500	0.7727192640304565
5	5000	0.7686209082603455
5	5500	0.7648855447769165
5	6000	0.7969968914985657
5	6500	0.7780413627624512
5	7000	0.7708534002304077
5	7500	0.7697792649269104
5	8000	0.7677013874053955
5	8500	0.7619353532791138
5	9000	0.7587258219718933
5	9500	0.7575525045394897
5	10000	0.7563374638557434
5	10500	0.7551536560058594
5	11000	0.753917396068573
5	11500	0.7535509467124939
6	0	0.7537083029747009
6	500	0.7534381747245789
6	1000	0.7527347803115845
6	1500	0.7524239420890808
6	2000	0.7520073056221008
6	2500	0.7515301704406738
6	3000	0.7865553498268127
6	3500	0.7764757871627808
6	4000	0.770205020904541
6	4500	0.7669833302497864
6	5000	0.7642785310745239
6	5500	0.761507511138916
6	6000	0.7792619466781616
6	6500	0.7693676352500916
6	7000	0.765244722366333
6	7500	0.765373706817627
6	8000	0.7642358541488647
6	8500	0.7593366503715515
6	9000	0.7551692724227905
6	9500	0.7545760869979858
6	10000	0.753840982913971
6	10500	0.7530096769332886
6	11000	0.7521082758903503
6	11500	0.7519174814224243
7	0	0.7518036961555481
7	500	0.7516815662384033
7	1000	0.7511626482009888
7	1500	0.7509704828262329
7	2000	0.7506743669509888
7	2500	0.7503157258033752
7	3000	0.7749501466751099
7	3500	0.769051730632782
7	4000	0.7649952173233032
7	4500	0.7629984021186829
7	5000	0.7611222267150879
7	5500	0.7589834332466125
7	6000	0.7699481844902039
7	6500	0.763912558555603
7	7000	0.761374294757843
7	7500	0.7621179223060608
7	8000	0.7615631818771362
7	8500	0.7573288679122925
7	9000	0.7529119253158569
7	9500	0.7526019811630249
7	10000	0.7521262168884277
7	10500	0.751506507396698
7	11000	0.7508137822151184
7	11500	0.7507253885269165
8	0	0.7505143880844116
8	500	0.7504693865776062
8	1000	0.7500613927841187
8	1500	0.7499369382858276
8	2000	0.749714195728302
8	2500	0.749430775642395
8	3000	0.7680969834327698
8	3500	0.7642476558685303
8	4000	0.7614069581031799
8	4500	0.7601145505905151
8	5000	0.7587572336196899
8	5500	0.7570483088493347
8	6000	0.7643564939498901
8	6500	0.7602551579475403
8	7000	0.7586003541946411
8	7500	0.7596558332443237
8	8000	0.7594689130783081
8	8500	0.75574791431427
8	9000	0.7513705492019653
8	9500	0.7512122392654419
8	10000	0.7508882284164429
8	10500	0.7504041790962219
8	11000	0.7498494386672974
8	11500	0.7498230934143066
9	0	0.7495813369750977
9	500	0.7495802640914917
9	1000	0.7492453455924988
9	1500	0.749162495136261
9	2000	0.7489880323410034
9	2500	0.7487558722496033
9	3000	0.7636436223983765
9	3500	0.7609246969223022
9	4000	0.7588125467300415
9	4500	0.7579507231712341
9	5000	0.756933867931366
9	5500	0.7555288076400757
9	6000	0.760671079158783
9	6500	0.7576649188995361
9	7000	0.7565378546714783
9	7500	0.7577465176582336
9	8000	0.7577968835830688
9	8500	0.7544790506362915
9	9000	0.7502585649490356
9	9500	0.7501870393753052
9	10000	0.7499579191207886
9	10500	0.7495657205581665
9	11000	0.7491068840026855
9	11500	0.7491193413734436
10	0	0.7488738298416138
10	500	0.7488991022109985
10	1000	0.7486152648925781
10	1500	0.7485599517822266
10	2000	0.7484188675880432
10	2500	0.7482236623764038
10	3000	0.7605401277542114
10	3500	0.7585046887397766
10	4000	0.7568610906600952
10	4500	0.7562758922576904
10	5000	0.7554922103881836
10	5500	0.7543091773986816
10	6000	0.7580742239952087
10	6500	0.7557474970817566
10	7000	0.7549545764923096
10	7500	0.7562310099601746
10	8000	0.7564373016357422
10	8500	0.7534424066543579
10	9000	0.7494213581085205
10	9500	0.7494021654129028
10	10000	0.7492357492446899
10	10500	0.7489084601402283
10	11000	0.7485193610191345
10	11500	0.7485567331314087

t	e	s	t	_	l	o	s	s
0	0.1472991946517237
12000	0.14936602197209203
24000	0.15009311592868357
36000	0.1504641538950518
48000	0.1507154257092255
60000	0.15090991429672074
72000	0.15106977816449096
84000	0.15120559009758316
96000	0.15132348374288868
108000	0.15142745155898676
