t	r	a	i	n	_	l	o	s	s
1	0	1.3797980546951294
1	500	1.3196783065795898
1	1000	1.2567031383514404
1	1500	1.2427467107772827
1	2000	1.1908605098724365
1	2500	1.16627836227417
1	3000	1.1095103025436401
1	3500	1.1207200288772583
1	4000	1.1220176219940186
1	4500	1.0656864643096924
1	5000	1.1085759401321411
1	5500	1.100990891456604
1	6000	1.0604121685028076
1	6500	1.0412094593048096
1	7000	1.0222079753875732
1	7500	0.9955385327339172
1	8000	1.0059771537780762
1	8500	0.9650940895080566
1	9000	0.9968660473823547
1	9500	1.0097754001617432
1	10000	0.9716874957084656
1	10500	0.9758137464523315
1	11000	1.0088026523590088
1	11500	0.9944623112678528
1	12000	0.9158704876899719
1	12500	0.8866079449653625
1	13000	0.9271535873413086
1	13500	0.8947086334228516
1	14000	0.9929035305976868
1	14500	0.947655200958252
1	15000	0.8592792749404907
1	15500	0.8212429285049438
1	16000	0.8034188151359558
1	16500	0.7907101511955261
1	17000	0.7826777100563049
1	17500	1.1696773767471313
1	18000	0.911443829536438
1	18500	0.8487016558647156
1	19000	0.8194707632064819
1	19500	0.8026555180549622
1	20000	0.7922406792640686
1	20500	1.2142919301986694
1	21000	0.9538044929504395
1	21500	0.8559895753860474
1	22000	0.8148616552352905
1	22500	0.7957578897476196
1	23000	0.7832992076873779
1	23500	1.0515210628509521
1	24000	1.0136206150054932
1	24500	0.9732704162597656
1	25000	0.8971694111824036
1	25500	0.8277453184127808
1	26000	0.7971774935722351
2	0	1.102664589881897
2	500	1.0376445055007935
2	1000	0.950564980506897
2	1500	0.9630757570266724
2	2000	0.923130989074707
2	2500	0.9175357818603516
2	3000	0.8670981526374817
2	3500	0.8888550996780396
2	4000	0.8898195028305054
2	4500	0.901770293712616
2	5000	1.0171061754226685
2	5500	0.9363887906074524
2	6000	0.9273874163627625
2	6500	0.9184389114379883
2	7000	0.9022909998893738
2	7500	0.8564322590827942
2	8000	0.8751708269119263
2	8500	0.8416290283203125
2	9000	0.8708372116088867
2	9500	0.8800155520439148
2	10000	0.8706024885177612
2	10500	0.8748113512992859
2	11000	0.9714719653129578
2	11500	0.9148072004318237
2	12000	0.8368847966194153
2	12500	0.8080198168754578
2	13000	0.8508638143539429
2	13500	0.821628749370575
2	14000	0.9474170804023743
2	14500	0.8093816041946411
2	15000	0.7921317219734192
2	15500	0.7801884412765503
2	16000	0.7754274010658264
2	16500	0.7700408697128296
2	17000	0.7668985724449158
2	17500	0.9696967005729675
2	18000	0.8490821123123169
2	18500	0.8163148164749146
2	19000	0.7988331317901611
2	19500	0.7879345417022705
2	20000	0.7813512086868286
2	20500	0.944250226020813
2	21000	0.8300732374191284
2	21500	0.7995082139968872
2	22000	0.7865495681762695
2	22500	0.7785660624504089
2	23000	0.7712929844856262
2	23500	0.8892348408699036
2	24000	0.8187281489372253
2	24500	0.7888413667678833
2	25000	0.7759192585945129
2	25500	0.7696949243545532
2	26000	0.7652105093002319
3	0	1.0115883350372314
3	500	0.9699512720108032
3	1000	0.8696874380111694
3	1500	0.9065988659858704
3	2000	0.8927649259567261
3	2500	0.8663712739944458
3	3000	0.8228480219841003
3	3500	0.846673846244812
3	4000	0.8443025350570679
3	4500	0.8524116277694702
3	5000	0.9977647662162781
3	5500	0.895889163017273
3	6000	0.893802285194397
3	6500	0.8753314018249512
3	7000	0.8635284304618835
3	7500	0.8265715837478638
3	8000	0.8327111005783081
3	8500	0.8105503916740417
3	9000	0.8384302258491516
3	9500	0.8492084741592407
3	10000	0.8490887880325317
3	10500	0.8449289202690125
3	11000	0.9497562646865845
3	11500	0.8898535966873169
3	12000	0.8110355138778687
3	12500	0.787422239780426
3	13000	0.8261448740959167
3	13500	0.8015497326850891
3	14000	0.9228227734565735
3	14500	0.7766038775444031
3	15000	0.7719631195068359
3	15500	0.7667587995529175
3	16000	0.7651407122612
3	16500	0.7621527910232544
3	17000	0.7605084180831909
3	17500	0.8880851864814758
3	18000	0.823675274848938
3	18500	0.8024300336837769
3	19000	0.7894960641860962
3	19500	0.7809169292449951
3	20000	0.7759025692939758
3	20500	0.8688017725944519
3	21000	0.8058931231498718
3	21500	0.7868360280990601
3	22000	0.7784481644630432
3	22500	0.7727526426315308
3	23000	0.7667289972305298
3	23500	0.8127361536026001
3	24000	0.7845231294631958
3	24500	0.7724090814590454
3	25000	0.7659121155738831
3	25500	0.7625737190246582
3	26000	0.7596866488456726
4	0	0.9719429016113281
4	500	0.9305410385131836
4	1000	0.8352243304252625
4	1500	0.8820292353630066
4	2000	0.8790831565856934
4	2500	0.8442834615707397
4	3000	0.8049160242080688
4	3500	0.8256108164787292
4	4000	0.8239532709121704
4	4500	0.8251372575759888
4	5000	0.9812449216842651
4	5500	0.8697754740715027
4	6000	0.8759301900863647
4	6500	0.8496715426445007
4	7000	0.8396990895271301
4	7500	0.8113902807235718
4	8000	0.8119412660598755
4	8500	0.7951207756996155
4	9000	0.8206826448440552
4	9500	0.8334466814994812
4	10000	0.8373174667358398
4	10500	0.8300193548202515
4	11000	0.9347991943359375
4	11500	0.8746321797370911
4	12000	0.7967265844345093
4	12500	0.7759509682655334
4	13000	0.812354564666748
4	13500	0.7907626628875732
4	14000	0.9055464863777161
4	14500	0.7659267783164978
4	15000	0.7639051675796509
4	15500	0.7607406973838806
4	16000	0.7600972056388855
4	16500	0.7580859065055847
4	17000	0.7570551037788391
4	17500	0.8452585935592651
4	18000	0.8070077896118164
4	18500	0.7927435636520386
4	19000	0.7829107046127319
4	19500	0.775985062122345
4	20000	0.772034764289856
4	20500	0.8308631777763367
4	21000	0.7920160293579102
4	21500	0.7789878249168396
4	22000	0.7731799483299255
4	22500	0.7688740491867065
4	23000	0.7636979818344116
4	23500	0.7905262112617493
4	24000	0.7743515968322754
4	24500	0.7665227651596069
4	25000	0.7618510127067566
4	25500	0.7594588994979858
4	26000	0.7571436166763306
5	0	0.9486387968063354
5	500	0.9044941067695618
5	1000	0.816663384437561
5	1500	0.8675646781921387
5	2000	0.8708066940307617
5	2500	0.8323521614074707
5	3000	0.7950340509414673
5	3500	0.8132330179214478
5	4000	0.812691867351532
5	4500	0.8084520101547241
5	5000	0.9685271978378296
5	5500	0.8516786694526672
5	6000	0.8644418716430664
5	6500	0.8313706517219543
5	7000	0.8236827850341797
5	7500	0.8016871213912964
5	8000	0.7998685240745544
5	8500	0.7854464650154114
5	9000	0.8092826008796692
5	9500	0.823967456817627
5	10000	0.8292602300643921
5	10500	0.8208758234977722
5	11000	0.9239273071289062
5	11500	0.864626407623291
5	12000	0.7877287864685059
5	12500	0.7688842415809631
5	13000	0.8031126260757446
5	13500	0.7837048172950745
5	14000	0.8923090100288391
5	14500	0.760523796081543
5	15000	0.7594548463821411
5	15500	0.7572254538536072
5	16000	0.7569908499717712
5	16500	0.755504310131073
5	17000	0.7547920942306519
5	17500	0.8203989267349243
5	18000	0.7954953908920288
5	18500	0.7855741381645203
5	19000	0.7779117822647095
5	19500	0.7722178101539612
5	20000	0.7690418362617493
5	20500	0.809714138507843
5	21000	0.7830823659896851
5	21500	0.7735881209373474
5	22000	0.7693986296653748
5	22500	0.7660232782363892
5	23000	0.7614805698394775
5	23500	0.7794492840766907
5	24000	0.7686783075332642
5	24500	0.7629913091659546
5	25000	0.7593246698379517
5	25500	0.7574781775474548
5	26000	0.7555116415023804
6	0	0.9330355525016785
6	500	0.8853106498718262
6	1000	0.8048642873764038
6	1500	0.8577993512153625
6	2000	0.8649097681045532
6	2500	0.8248838186264038
6	3000	0.7886215448379517
6	3500	0.8050400614738464
6	4000	0.8054887056350708
6	4500	0.7974324226379395
6	5000	0.9585644602775574
6	5500	0.838330090045929
6	6000	0.8563286662101746
6	6500	0.8177064061164856
6	7000	0.8122333288192749
6	7500	0.7949379086494446
6	8000	0.7919943332672119
6	8500	0.7788683176040649
6	9000	0.8012644052505493
6	9500	0.8175718188285828
6	10000	0.8231619596481323
6	10500	0.8144820332527161
6	11000	0.9158377647399902
6	11500	0.857505202293396
6	12000	0.7815669775009155
6	12500	0.7642087936401367
6	13000	0.796493649482727
6	13500	0.7786597609519958
6	14000	0.8820382356643677
6	14500	0.7572712302207947
6	15000	0.7566431164741516
6	15500	0.7549294233322144
6	16000	0.7548923492431641
6	16500	0.7537234425544739
6	17000	0.7531965970993042
6	17500	0.8048287630081177
6	18000	0.787344217300415
6	18500	0.780182957649231
6	19000	0.7740455269813538
6	19500	0.769267201423645
6	20000	0.7666628956794739
6	20500	0.7966650724411011
6	21000	0.7769256234169006
6	21500	0.7696548700332642
6	22000	0.7665395140647888
6	22500	0.7638205289840698
6	23000	0.7597678899765015
6	23500	0.7726969718933105
6	24000	0.7649087309837341
6	24500	0.7605273723602295
6	25000	0.7575211524963379
6	25500	0.7560434937477112
6	26000	0.7543250918388367
7	0	0.9218128323554993
7	500	0.8701193928718567
7	1000	0.796548068523407
7	1500	0.8505765795707703
7	2000	0.8602668642997742
7	2500	0.8197342157363892
7	3000	0.7840335369110107
7	3500	0.7991580963134766
7	4000	0.8003840446472168
7	4500	0.7896914482116699
7	5000	0.9505151510238647
7	5500	0.8281028866767883
7	6000	0.8502429723739624
7	6500	0.8072513341903687
7	7000	0.803695023059845
7	7500	0.7899941205978394
7	8000	0.7864212393760681
7	8500	0.7741621732711792
7	9000	0.7952901124954224
7	9500	0.8129359483718872
7	10000	0.8183127641677856
7	10500	0.8096159100532532
7	11000	0.9095756411552429
7	11500	0.8520597219467163
7	12000	0.7770760655403137
7	12500	0.7609394192695618
7	13000	0.7914990782737732
7	13500	0.7748611569404602
7	14000	0.8739004135131836
7	14500	0.7550911903381348
7	15000	0.754700243473053
7	15500	0.7533087134361267
7	16000	0.7533763647079468
7	16500	0.7524176836013794
7	17000	0.7520087957382202
7	17500	0.7943886518478394
7	18000	0.7813679575920105
7	18500	0.776028573513031
7	19000	0.7709874510765076
7	19500	0.7669011354446411
7	20000	0.7647275924682617
7	20500	0.7879478335380554
7	21000	0.7724581956863403
7	21500	0.7666679620742798
7	22000	0.7642973065376282
7	22500	0.7620588541030884
7	23000	0.7583949565887451
7	23500	0.7681590914726257
7	24000	0.7621999979019165
7	24500	0.7586873769760132
7	25000	0.7561486959457397
7	25500	0.7549370527267456
7	26000	0.7534071207046509
8	0	0.9132795333862305
8	500	0.8575578927993774
8	1000	0.7902975082397461
8	1500	0.8449134826660156
8	2000	0.856362521648407
8	2500	0.8159373998641968
8	3000	0.7805389761924744
8	3500	0.794689953327179
8	4000	0.7964984178543091
8	4500	0.7839785218238831
8	5000	0.9438336491584778
8	5500	0.820056140422821
8	6000	0.845488429069519
8	6500	0.7990845441818237
8	7000	0.7971163392066956
8	7500	0.7862231135368347
8	8000	0.7822366952896118
8	8500	0.7706564664840698
8	9000	0.7906561493873596
8	9500	0.8094059228897095
8	10000	0.8143339157104492
8	10500	0.8057016134262085
8	11000	0.9045486450195312
8	11500	0.8476632237434387
8	12000	0.7736526727676392
8	12500	0.7585498094558716
8	13000	0.7875615358352661
8	13500	0.7718935608863831
8	14000	0.8673200607299805
8	14500	0.7535229325294495
8	15000	0.7532727122306824
8	15500	0.7521002888679504
8	16000	0.7522270083427429
8	16500	0.7514166831970215
8	17000	0.7510877251625061
8	17500	0.7869881391525269
8	18000	0.7768383622169495
8	18500	0.7727489471435547
8	19000	0.7685173153877258
8	19500	0.7649644017219543
8	20000	0.7631223797798157
8	20500	0.7817602157592773
8	21000	0.7690831422805786
8	21500	0.7643256783485413
8	22000	0.7624896168708801
8	22500	0.7606131434440613
8	23000	0.7572646141052246
8	23500	0.7649111747741699
8	24000	0.760156512260437
8	24500	0.7572548985481262
8	25000	0.7550626993179321
8	25500	0.7540510892868042
8	26000	0.7526691555976868
9	0	0.906481146812439
9	500	0.8468972444534302
9	1000	0.7853983044624329
9	1500	0.8402986526489258
9	2000	0.8529266119003296
9	2500	0.8129987716674805
9	3000	0.7777594327926636
9	3500	0.7911542654037476
9	4000	0.7933865785598755
9	4500	0.7795926928520203
9	5000	0.9381710290908813
9	5500	0.8135878443717957
9	6000	0.8416639566421509
9	6500	0.7925776839256287
9	7000	0.7919095754623413
9	7500	0.7832473516464233
9	8000	0.7789539098739624
9	8500	0.7679563164710999
9	9000	0.7869533896446228
9	9500	0.8066180944442749
9	10000	0.8109909296035767
9	10500	0.8024334907531738
9	11000	0.9003918766975403
9	11500	0.8439730405807495
9	12000	0.7709539532661438
9	12500	0.7567395567893982
9	13000	0.7843440771102905
9	13500	0.7695077657699585
9	14000	0.8619019389152527
9	14500	0.7523375153541565
9	15000	0.7521770596504211
9	15500	0.7511628866195679
9	16000	0.7513238787651062
9	16500	0.7506235241889954
9	17000	0.7503514885902405
9	17500	0.7815039157867432
9	18000	0.7733044624328613
9	18500	0.770102858543396
9	19000	0.7664845585823059
9	19500	0.7633512020111084
9	20000	0.7617693543434143
9	20500	0.777157187461853
9	21000	0.7664491534233093
9	21500	0.7624408006668091
9	22000	0.7609999179840088
9	22500	0.7594031095504761
9	23000	0.7563148140907288
9	23500	0.7624779343605042
9	24000	0.758560061454773
9	24500	0.7561061978340149
9	25000	0.7541791796684265
9	25500	0.7533223628997803
9	26000	0.752059817314148
10	0	0.9008504748344421
10	500	0.8377032279968262
10	1000	0.7814461588859558
10	1500	0.8364349603652954
10	2000	0.8498047590255737
10	2500	0.8106402158737183
10	3000	0.7754771113395691
10	3500	0.7882691621780396
10	4000	0.7908000946044922
10	4500	0.776118278503418
10	5000	0.9332972764968872
10	5500	0.8082914352416992
10	6000	0.8385180234909058
10	6500	0.7872976064682007
10	7000	0.7876942753791809
10	7500	0.7808302044868469
10	8000	0.7762916684150696
10	8500	0.7658176422119141
10	9000	0.7839264869689941
10	9500	0.8043530583381653
10	10000	0.8081271052360535
10	10500	0.7996323704719543
10	11000	0.8968731164932251
10	11500	0.8407891988754272
10	12000	0.7687705159187317
10	12500	0.7553271055221558
10	13000	0.7816384434700012
10	13500	0.7675451040267944
10	14000	0.8573682904243469
10	14500	0.7514084577560425
10	15000	0.7513081431388855
10	15500	0.7504134774208069
10	16000	0.7505945563316345
10	16500	0.7499786615371704
10	17000	0.7497487664222717
10	17500	0.7772921323776245
10	18000	0.770478367805481
10	18500	0.7679268717765808
10	19000	0.7647842168807983
10	19500	0.7619871497154236
10	20000	0.7606130838394165
10	20500	0.7736048102378845
10	21000	0.7643386721611023
10	21500	0.7608919143676758
10	22000	0.7597505450248718
10	22500	0.7583738565444946
10	23000	0.7555038928985596
10	23500	0.7605897188186646
10	24000	0.7572783827781677
10	24500	0.7551634907722473
10	25000	0.7534452676773071
10	25500	0.7527109980583191
10	26000	0.7515468001365662
11	0	0.8960339426994324
11	500	0.829693615436554
11	1000	0.778191089630127
11	1500	0.8331338763237
11	2000	0.8469035029411316
11	2500	0.8086931109428406
11	3000	0.7735568284988403
11	3500	0.7858576774597168
11	4000	0.7885898947715759
11	4500	0.7732950448989868
11	5000	0.9290536046028137
11	5500	0.8038837313652039
11	6000	0.8358848690986633
11	6500	0.7829421758651733
11	7000	0.7842141389846802
11	7500	0.7788177728652954
11	8000	0.7740761041641235
11	8500	0.7640838623046875
11	9000	0.7814068794250488
11	9500	0.8024695515632629
11	10000	0.8056333661079407
11	10500	0.797184944152832
11	11000	0.8938379287719727
11	11500	0.837986946105957
11	12000	0.7669666409492493
11	12500	0.7541977167129517
11	13000	0.7793107032775879
11	13500	0.765899121761322
11	14000	0.8535197377204895
11	14500	0.7506600618362427
11	15000	0.7506014108657837
11	15500	0.7498001456260681
11	16000	0.7499925494194031
11	16500	0.7494435906410217
11	17000	0.7492459416389465
11	17500	0.7739614844322205
11	18000	0.768169641494751
11	18500	0.7661072015762329
11	19000	0.7633411288261414
11	19500	0.760818362236023
11	20000	0.7596128582954407
11	20500	0.7707817554473877
11	21000	0.7626104950904846
11	21500	0.7595962285995483
11	22000	0.7586867809295654
11	22500	0.7574867010116577
11	23000	0.754802405834198
11	23500	0.7590830326080322
11	24000	0.7562264204025269
11	24500	0.7543754577636719
11	25000	0.7528249621391296
11	25500	0.7521896362304688
11	26000	0.7511076927185059
12	0	0.8918011784553528
12	500	0.8226715922355652
12	1000	0.7754672765731812
12	1500	0.8302695155143738
12	2000	0.8441649675369263
12	2500	0.8070498704910278
12	3000	0.7719095945358276
12	3500	0.7838028073310852
12	4000	0.7866603136062622
12	4500	0.770952582359314
12	5000	0.9253257513046265
12	5500	0.8001629114151001
12	6000	0.8336498141288757
12	6500	0.7792965173721313
12	7000	0.7812930345535278
12	7500	0.7771070599555969
12	8000	0.7721946239471436
12	8500	0.7626507878303528
12	9000	0.7792783975601196
12	9500	0.8008731603622437
12	10000	0.8034318089485168
12	10500	0.7950153946876526
12	11000	0.8911779522895813
12	11500	0.835483729839325
12	12000	0.7654505372047424
12	12500	0.7532757520675659
12	13000	0.7772716879844666
12	13500	0.7644965052604675
12	14000	0.8502119183540344
12	14500	0.7500437498092651
12	15000	0.7500148415565491
12	15500	0.7492887377738953
12	16000	0.7494871616363525
12	16500	0.7489923238754272
12	17000	0.748819887638092
12	17500	0.7712646126747131
12	18000	0.7662497758865356
12	18500	0.7645634412765503
12	19000	0.7621010541915894
12	19500	0.7598052620887756
12	20000	0.7587385773658752
12	20500	0.7684838175773621
12	21000	0.7611689567565918
12	21500	0.7584959864616394
12	22000	0.7577695250511169
12	22500	0.7567132115364075
12	23000	0.7541886568069458
12	23500	0.7578529119491577
12	24000	0.7553474307060242
12	24500	0.753706157207489
12	25000	0.7522931694984436
12	25500	0.7517391443252563
12	26000	0.7507269978523254
13	0	0.8879945874214172
13	500	0.816490650177002
13	1000	0.7731592059135437
13	1500	0.8277515172958374
13	2000	0.8415532112121582
13	2500	0.8056381344795227
13	3000	0.7704745531082153
13	3500	0.7820237278938293
13	4000	0.7849475741386414
13	4500	0.768975555896759
13	5000	0.922027587890625
13	5500	0.7969824075698853
13	6000	0.8317278623580933
13	6500	0.7762058973312378
13	7000	0.7788053750991821
13	7500	0.7756264209747314
13	8000	0.7705708146095276
13	8500	0.7614461779594421
13	9000	0.7774583101272583
13	9500	0.7994979619979858
13	10000	0.8014658689498901
13	10500	0.7930705547332764
13	11000	0.8888167142868042
13	11500	0.8332210779190063
13	12000	0.7641576528549194
13	12500	0.7525097131729126
13	13000	0.7754594087600708
13	13500	0.7632847428321838
13	14000	0.8473359942436218
13	14500	0.7495272159576416
13	15000	0.7495200634002686
13	15500	0.7488555312156677
13	16000	0.7490565180778503
13	16500	0.748606264591217
13	17000	0.7484539747238159
13	17500	0.7690361738204956
13	18000	0.7646279335021973
13	18500	0.7632366418838501
13	19000	0.7610233426094055
13	19500	0.7589181065559387
13	20000	0.7579671144485474
13	20500	0.7665759325027466
13	21000	0.7599477171897888
13	21500	0.7575495839118958
13	22000	0.7569699287414551
13	22500	0.7560322880744934
13	23000	0.7536466717720032
13	23500	0.7568291425704956
13	24000	0.754601001739502
13	24500	0.7531300783157349
13	25000	0.7518316507339478
13	25500	0.7513452172279358
13	26000	0.7503932118415833
14	0	0.884503960609436
14	500	0.8110352754592896
14	1000	0.7711828351020813
14	1500	0.8255153894424438
14	2000	0.839046835899353
14	2500	0.8044074773788452
14	3000	0.7692079544067383
14	3500	0.7804630994796753
14	4000	0.7834069728851318
14	4500	0.7672824859619141
14	5000	0.9190924763679504
14	5500	0.7942333817481995
14	6000	0.8300591707229614
14	6500	0.7735563516616821
14	7000	0.776660144329071
14	7500	0.7743254899978638
14	8000	0.7691507935523987
14	8500	0.7604192495346069
14	9000	0.7758857607841492
14	9500	0.7982965707778931
14	10000	0.7996934652328491
14	10500	0.7913109064102173
14	11000	0.886696457862854
14	11500	0.8311589360237122
14	12000	0.7630412578582764
14	12500	0.7518636584281921
14	13000	0.7738304138183594
14	13500	0.7622255682945251
14	14000	0.844809353351593
14	14500	0.7490877509117126
14	15000	0.7490968704223633
14	15500	0.7484838366508484
14	16000	0.7486850619316101
14	16500	0.7482722401618958
14	17000	0.7481364011764526
14	17500	0.7671639919281006
14	18000	0.7632397413253784
14	18500	0.7620837688446045
14	19000	0.7600775957107544
14	19500	0.7581343054771423
14	20000	0.7572809457778931
14	20500	0.7649656534194946
14	21000	0.7588993310928345
14	21500	0.7567263841629028
14	22000	0.7562659978866577
14	22500	0.7554274797439575
14	23000	0.7531640529632568
14	23500	0.7559635639190674
14	24000	0.7539591789245605
14	24500	0.7526285648345947
14	25000	0.7514268159866333
14	25500	0.7509975433349609
14	26000	0.7500977516174316
15	0	0.8812497854232788
15	500	0.8062108159065247
15	1000	0.7694752812385559
15	1500	0.8235114216804504
15	2000	0.8366330862045288
15	2500	0.8033220171928406
15	3000	0.7680781483650208
15	3500	0.7790783643722534
15	4000	0.7820064425468445
15	4500	0.7658147811889648
15	5000	0.9164661169052124
15	5500	0.7918344736099243
15	6000	0.8285959959030151
15	6500	0.771262526512146
15	7000	0.7747898101806641
15	7500	0.7731669545173645
15	8000	0.7678950428962708
15	8500	0.759533166885376
15	9000	0.7745154500007629
15	9500	0.7972339391708374
15	10000	0.7980828881263733
15	10500	0.7897069454193115
15	11000	0.8847742080688477
15	11500	0.8292648196220398
15	12000	0.762066662311554
15	12500	0.7513116598129272
15	13000	0.7723525166511536
15	13500	0.7612903714179993
15	14000	0.8425687551498413
15	14500	0.7487093210220337
15	15000	0.7487306594848633
15	15500	0.7481613159179688
15	16000	0.7483612298965454
15	16500	0.7479803562164307
15	17000	0.7478579878807068
15	17500	0.7655678391456604
15	18000	0.7620371580123901
15	18500	0.7610719799995422
15	19000	0.7592402696609497
15	19500	0.7574360370635986
15	20000	0.7566656470298767
15	20500	0.7635873556137085
15	21000	0.7579890489578247
15	21500	0.7560033202171326
15	22000	0.7556411623954773
15	22500	0.7548863887786865
15	23000	0.7527310252189636
15	23500	0.7552214860916138
15	24000	0.7534008622169495
15	24500	0.7521876096725464
15	25000	0.751068651676178
15	25500	0.7506879568099976
15	26000	0.7498339414596558
16	0	0.8781741857528687
16	500	0.801936149597168
16	1000	0.7679882645606995
16	1500	0.8217015266418457
16	2000	0.8343057632446289
16	2500	0.8023544549942017
16	3000	0.7670609951019287
16	3500	0.7778378129005432
16	4000	0.7807225584983826
16	4500	0.7645286917686462
16	5000	0.914105236530304
16	5500	0.789722740650177
16	6000	0.8273016810417175
16	6500	0.7692592144012451
16	7000	0.7731431722640991
16	7500	0.7721236944198608
16	8000	0.7667749524116516
16	8500	0.7587601542472839
16	9000	0.7733117938041687
16	9500	0.7962840795516968
16	10000	0.7966099381446838
16	10500	0.7882362604141235
16	11000	0.8830167055130005
16	11500	0.8275150060653687
16	12000	0.7612078189849854
16	12500	0.7508344650268555
16	13000	0.771001398563385
16	13500	0.7604573369026184
16	14000	0.840565025806427
16	14500	0.7483798861503601
16	15000	0.7484105229377747
16	15500	0.7478787899017334
16	16000	0.7480764389038086
16	16500	0.7477229237556458
16	17000	0.7476118803024292
16	17500	0.7641906142234802
16	18000	0.760985255241394
16	18500	0.7601763010025024
16	19000	0.7584931254386902
16	19500	0.7568095922470093
16	20000	0.7561107277870178
16	20500	0.7623932957649231
16	21000	0.757190465927124
16	21500	0.7553626894950867
16	22000	0.7550822496414185
16	22500	0.7543991208076477
16	23000	0.7523399591445923
16	23500	0.7545775771141052
16	24000	0.7529100775718689
16	24500	0.7517966032028198
16	25000	0.7507489323616028
16	25500	0.7504100799560547
16	26000	0.7495967149734497
17	0	0.875235915184021
17	500	0.7981418371200562
17	1000	0.7666842937469482
17	1500	0.8200563192367554
17	2000	0.8320623636245728
17	2500	0.8014847040176392
17	3000	0.7661381959915161
17	3500	0.7767170071601868
17	4000	0.7795370817184448
17	4500	0.7633914947509766
17	5000	0.9119742512702942
17	5500	0.7878497242927551
17	6000	0.8261486291885376
17	6500	0.7674961686134338
17	7000	0.7716811895370483
17	7500	0.771174967288971
17	8000	0.7657676339149475
17	8500	0.7580797076225281
17	9000	0.7722477316856384
17	9500	0.7954273819923401
17	10000	0.7952558398246765
17	10500	0.786880373954773
17	11000	0.8813974261283875
17	11500	0.825890839099884
17	12000	0.7604444622993469
17	12500	0.750417947769165
17	13000	0.7697588801383972
17	13500	0.7597096562385559
17	14000	0.8387587666511536
17	14500	0.7480906248092651
17	15000	0.7481282949447632
17	15500	0.7476292252540588
17	16000	0.7478240132331848
17	16500	0.7474942803382874
17	17000	0.7473928928375244
17	17500	0.7629896402359009
17	18000	0.7600567936897278
17	18500	0.7593775391578674
17	19000	0.7578220963478088
17	19500	0.7562440633773804
17	20000	0.7556071877479553
17	20500	0.7613481283187866
17	21000	0.7564840316772461
17	21500	0.7547909021377563
17	22000	0.7545790672302246
17	22500	0.7539574503898621
17	23000	0.7519848346710205
17	23500	0.7540132999420166
17	24000	0.7524750232696533
17	24500	0.7514468431472778
17	25000	0.7504616379737854
17	25500	0.7501592636108398
17	26000	0.7493818998336792
18	0	0.8724061250686646
18	500	0.7947669625282288
18	1000	0.7655336856842041
18	1500	0.8185521364212036
18	2000	0.8299019932746887
18	2500	0.8006970286369324
18	3000	0.7652954459190369
18	3500	0.7756968140602112
18	4000	0.7784360647201538
18	4500	0.7623780965805054
18	5000	0.9100424647331238
18	5500	0.7861770391464233
18	6000	0.8251150846481323
18	6500	0.7659341096878052
18	7000	0.7703729271888733
18	7500	0.7703052759170532
18	8000	0.7648559808731079
18	8500	0.7574758529663086
18	9000	0.7713015675544739
18	9500	0.7946480512619019
18	10000	0.7940058708190918
18	10500	0.7856242060661316
18	11000	0.8798961639404297
18	11500	0.8243770599365234
18	12000	0.7597607374191284
18	12500	0.7500510811805725
18	13000	0.7686105370521545
18	13500	0.759034276008606
18	14000	0.837119460105896
18	14500	0.747834324836731
18	15000	0.7478775978088379
18	15500	0.7474070191383362
18	16000	0.7475985884666443
18	16500	0.747289776802063
18	17000	0.747196614742279
18	17500	0.7619320154190063
18	18000	0.7592305541038513
18	18500	0.7586601376533508
18	19000	0.7572156190872192
18	19500	0.7557305693626404
18	20000	0.7551477551460266
18	20500	0.7604250907897949
18	21000	0.755854070186615
18	21500	0.7542770504951477
18	22000	0.7541234493255615
18	22500	0.753555178642273
18	23000	0.7516607642173767
18	23500	0.7535141110420227
18	24000	0.7520862817764282
18	24500	0.7511320114135742
18	25000	0.7502018213272095
18	25500	0.7499311566352844
18	26000	0.7491862177848816
19	0	0.8696637153625488
19	500	0.7917579412460327
19	1000	0.7645124793052673
19	1500	0.8171695470809937
19	2000	0.8278250694274902
19	2500	0.799979031085968
19	3000	0.7645211815834045
19	3500	0.7747617959976196
19	4000	0.777408242225647
19	4500	0.7614684700965881
19	5000	0.9082843065261841
19	5500	0.7846741676330566
19	6000	0.8241819143295288
19	6500	0.7645411491394043
19	7000	0.7691946029663086
19	7500	0.769501805305481
19	8000	0.7640257477760315
19	8500	0.7569358348846436
19	9000	0.7704556584358215
19	9500	0.7939344644546509
19	10000	0.7928475737571716
19	10500	0.7844557166099548
19	11000	0.8784961700439453
19	11500	0.822961151599884
19	12000	0.7591438889503479
19	12500	0.749725341796875
19	13000	0.7675447463989258
19	13500	0.7584202289581299
19	14000	0.8356219530105591
19	14500	0.7476059198379517
19	15000	0.7476533055305481
19	15500	0.7472082376480103
19	16000	0.7473962306976318
19	16500	0.7471057772636414
19	17000	0.7470197677612305
19	17500	0.7609935402870178
19	18000	0.7584903836250305
19	18500	0.7580117583274841
19	19000	0.7566643357276917
19	19500	0.7552618980407715
19	20000	0.754726767539978
19	20500	0.7596033215522766
19	21000	0.7552884817123413
19	21500	0.7538124918937683
19	22000	0.7537084817886353
19	22500	0.7531870007514954
19	23000	0.7513635158538818
19	23500	0.7530689239501953
19	24000	0.7517365217208862
19	24500	0.7508467435836792
19	25000	0.7499653100967407
19	25500	0.7497227191925049
19	26000	0.7490071058273315
20	0	0.8669955134391785
20	500	0.7890679836273193
20	1000	0.7636012434959412
20	1500	0.8158928155899048
20	2000	0.8258317112922668
20	2500	0.7993208169937134
20	3000	0.7638062238693237
20	3500	0.7739004492759705
20	4000	0.7764448523521423
20	4500	0.7606469988822937
20	5000	0.9066776037216187
20	5500	0.7833157777786255
20	6000	0.8233346939086914
20	6500	0.7632921934127808
20	7000	0.7681263089179993
20	7500	0.7687546014785767
20	8000	0.7632659077644348
20	8500	0.7564496994018555
20	9000	0.769696056842804
20	9500	0.7932770252227783
20	10000	0.7917715311050415
20	10500	0.7833648920059204
20	11000	0.8771839141845703
20	11500	0.8216326832771301
20	12000	0.7585841417312622
20	12500	0.7494341731071472
20	13000	0.7665519118309021
20	13500	0.7578592896461487
20	14000	0.834245502948761
20	14500	0.7474008202552795
20	15000	0.7474514842033386
20	15500	0.7470289468765259
20	16000	0.7472133636474609
20	16500	0.7469393610954285
20	17000	0.7468594312667847
20	17500	0.7601543664932251
20	18000	0.7578232288360596
20	18500	0.7574228048324585
20	19000	0.7561607956886292
20	19500	0.75483238697052
20	20000	0.7543390989303589
20	20500	0.7588664293289185
20	21000	0.7547776103019714
20	21500	0.7533901929855347
20	22000	0.7533287405967712
20	22500	0.7528485059738159
20	23000	0.7510896921157837
20	23500	0.7526693344116211
20	24000	0.7514201402664185
20	24500	0.7505869269371033
20	25000	0.7497491240501404
20	25500	0.7495313882827759
20	26000	0.7488425374031067
21	0	0.8643932342529297
21	500	0.786655843257904
21	1000	0.7627840042114258
21	1500	0.814708411693573
21	2000	0.8239219784736633
21	2500	0.7987143993377686
21	3000	0.763143002986908
21	3500	0.7731024622917175
21	4000	0.7755388021469116
21	4500	0.7599009275436401
21	5000	0.9052039980888367
21	5500	0.7820819616317749
21	6000	0.8225612640380859
21	6500	0.7621668577194214
21	7000	0.7671524286270142
21	7500	0.7680562138557434
21	8000	0.7625673413276672
21	8500	0.7560096979141235
21	9000	0.7690110206604004
21	9500	0.7926682233810425
21	10000	0.7907691597938538
21	10500	0.7823432683944702
21	11000	0.8759481310844421
21	11500	0.8203821182250977
21	12000	0.7580729722976685
21	12500	0.7491720914840698
21	13000	0.7656242847442627
21	13500	0.757344126701355
21	14000	0.8329735994338989
21	14500	0.7472156286239624
21	15000	0.7472689151763916
21	15500	0.7468666434288025
21	16000	0.7470473051071167
21	16500	0.746787965297699
21	17000	0.7467135190963745
21	17500	0.7593997120857239
21	18000	0.7572185397148132
21	18500	0.756885290145874
21	19000	0.7556990385055542
21	19500	0.7544368505477905
21	20000	0.7539809942245483
21	20500	0.7582017183303833
21	21000	0.754313588142395
21	21500	0.7530043721199036
21	22000	0.7529798746109009
21	22500	0.752535879611969
21	23000	0.7508365511894226
21	23500	0.7523082494735718
21	24000	0.7511321306228638
21	24500	0.7503493428230286
21	25000	0.7495506405830383
21	25500	0.7493549585342407
21	26000	0.7486902475357056
22	0	0.8618524670600891
22	500	0.7844862937927246
22	1000	0.7620478272438049
22	1500	0.8136059045791626
22	2000	0.822095513343811
22	2500	0.7981531023979187
22	3000	0.7625254988670349
22	3500	0.7723599672317505
22	4000	0.7746835947036743
22	4500	0.759219765663147
22	5000	0.9038472175598145
22	5500	0.780955970287323
22	6000	0.8218518495559692
22	6500	0.7611481547355652
22	7000	0.7662602066993713
22	7500	0.7673999071121216
22	8000	0.7619224190711975
22	8500	0.7556091547012329
22	9000	0.7683910131454468
22	9500	0.7921019792556763
22	10000	0.7898333668708801
22	10500	0.7813835144042969
22	11000	0.8747800588607788
22	11500	0.8192024230957031
22	12000	0.7576040029525757
22	12500	0.7489348649978638
22	13000	0.7647554874420166
22	13500	0.7568689584732056
22	14000	0.8317920565605164
22	14500	0.7470477819442749
22	15000	0.7471029162406921
22	15500	0.7467190623283386
22	16000	0.7468959093093872
22	16500	0.7466497421264648
22	17000	0.7465800046920776
22	17500	0.7587170600891113
22	18000	0.7566679120063782
22	18500	0.7563925981521606
22	19000	0.7552738189697266
22	19500	0.7540715932846069
22	20000	0.7536490559577942
22	20500	0.7575986981391907
22	21000	0.7538901567459106
22	21500	0.7526503801345825
22	22000	0.752657949924469
22	22500	0.7522463798522949
22	23000	0.7506017684936523
22	23500	0.7519803047180176
22	24000	0.7508686780929565
22	24500	0.7501307725906372
22	25000	0.749367356300354
22	25500	0.7491915822029114
22	26000	0.748549222946167
23	0	0.8593705296516418
23	500	0.7825284004211426
23	1000	0.761381983757019
23	1500	0.8125758171081543
23	2000	0.8203506469726562
23	2500	0.7976313829421997
23	3000	0.7619484066963196
23	3500	0.7716661691665649
23	4000	0.7738743424415588
23	4500	0.75859534740448
23	5000	0.9025942087173462
23	5500	0.7799242734909058
23	6000	0.8211984634399414
23	6500	0.7602220773696899
23	7000	0.7654392719268799
23	7500	0.7667807340621948
23	8000	0.7613245248794556
23	8500	0.7552428841590881
23	9000	0.7678278088569641
23	9500	0.7915734052658081
23	10000	0.7889589071273804
23	10500	0.7804796695709229
23	11000	0.8736720085144043
23	11500	0.8180875778198242
23	12000	0.7571715712547302
23	12500	0.7487190961837769
23	13000	0.7639400362968445
23	13500	0.7564293742179871
23	14000	0.8306902050971985
23	14500	0.7468949556350708
23	15000	0.7469514012336731
23	15500	0.7465841770172119
23	16000	0.7467571496963501
23	16500	0.7465231418609619
23	17000	0.7464575171470642
23	17500	0.758095920085907
23	18000	0.7561640739440918
23	18500	0.7559388875961304
23	19000	0.7548807263374329
23	19500	0.7537329196929932
23	20000	0.7533401250839233
23	20500	0.757049024105072
23	21000	0.7535018920898438
23	21500	0.7523244619369507
23	22000	0.7523599863052368
23	22500	0.7519773244857788
23	23000	0.750383198261261
23	23500	0.751680850982666
23	24000	0.7506267428398132
23	24500	0.7499290704727173
23	25000	0.7491978406906128
23	25500	0.7490397691726685
23	26000	0.7484180331230164
24	0	0.8569473028182983
24	500	0.7807559370994568
24	1000	0.7607769966125488
24	1500	0.8116108179092407
24	2000	0.8186854124069214
24	2500	0.7971447706222534
24	3000	0.7614076137542725
24	3500	0.771015465259552
24	4000	0.7731064558029175
24	4500	0.7580205202102661
24	5000	0.9014326333999634
24	5500	0.7789748311042786
24	6000	0.8205940127372742
24	6500	0.759377121925354
24	7000	0.7646805047988892
24	7500	0.7661947011947632
24	8000	0.7607685327529907
24	8500	0.7549064755439758
24	9000	0.7673149108886719
24	9500	0.791078507900238
24	10000	0.7881403565406799
24	10500	0.7796266078948975
24	11000	0.8726170659065247
24	11500	0.8170321583747864
24	12000	0.7567712068557739
24	12500	0.7485219240188599
24	13000	0.7631733417510986
24	13500	0.7560209035873413
24	14000	0.8296579122543335
24	14500	0.746755063533783
24	15000	0.7468124628067017
24	15500	0.7464603185653687
24	16000	0.7466297745704651
24	16500	0.746406614780426
24	17000	0.7463447451591492
24	17500	0.7575286626815796
24	18000	0.7557011246681213
24	18500	0.7555198669433594
24	19000	0.7545162439346313
24	19500	0.75341796875
24	20000	0.7530521750450134
24	20500	0.7565457820892334
24	21000	0.7531447410583496
24	21500	0.7520232796669006
24	22000	0.7520832419395447
24	22500	0.7517266273498535
24	23000	0.7501793503761292
24	23500	0.751406192779541
24	24000	0.7504035234451294
24	24500	0.7497421503067017
24	25000	0.7490402460098267
24	25500	0.7488983273506165
24	26000	0.7482954859733582
25	0	0.8545830845832825
25	500	0.7791463136672974
25	1000	0.7602254748344421
25	1500	0.8107038736343384
25	2000	0.8170977830886841
25	2500	0.7966893911361694
25	3000	0.7608991265296936
25	3500	0.7704030871391296
25	4000	0.7723764777183533
25	4500	0.7574894428253174
25	5000	0.9003524780273438
25	5500	0.7780981659889221
25	6000	0.8200327157974243
25	6500	0.7586034536361694
25	7000	0.7639769315719604
25	7500	0.7656381130218506
25	8000	0.7602499723434448
25	8500	0.7545961737632751
25	9000	0.7668462991714478
25	9500	0.7906137108802795
25	10000	0.7873728275299072
25	10500	0.7788193225860596
25	11000	0.8716112375259399
25	11500	0.8160303831100464
25	12000	0.7563990354537964
25	12500	0.7483408451080322
25	13000	0.7624508738517761
25	13500	0.7556403279304504
25	14000	0.8286877870559692
25	14500	0.7466264963150024
25	15000	0.7466846704483032
25	15500	0.7463463544845581
25	16000	0.7465122938156128
25	16500	0.7462990880012512
25	17000	0.7462405562400818
25	17500	0.7570082545280457
25	18000	0.7552742958068848
25	18500	0.7551315426826477
25	19000	0.7541773319244385
25	19500	0.7531243562698364
25	20000	0.7527828216552734
25	20500	0.7560830116271973
25	21000	0.7528148889541626
25	21500	0.7517439723014832
25	22000	0.7518254518508911
25	22500	0.7514923214912415
25	23000	0.7499884366989136
25	23500	0.7511531710624695
25	24000	0.750197172164917
25	24500	0.7495684623718262
25	25000	0.7488934397697449
25	25500	0.7487660646438599
25	26000	0.7481808066368103
26	0	0.8522784113883972
26	500	0.7776791453361511
26	1000	0.7597207427024841
26	1500	0.8098493814468384
26	2000	0.8155844807624817
26	2500	0.7962619066238403
26	3000	0.7604198455810547
26	3500	0.7698253989219666
26	4000	0.7716808915138245
26	4500	0.7569971084594727
26	5000	0.8993444442749023
26	5500	0.7772854566574097
26	6000	0.8195093274116516
26	6500	0.7578927278518677
26	7000	0.7633217573165894
26	7500	0.765108048915863
26	8000	0.7597647905349731
26	8500	0.7543089985847473
26	9000	0.7664171457290649
26	9500	0.790176272392273
26	10000	0.786652684211731
26	10500	0.7780541181564331
26	11000	0.8706488609313965
26	11500	0.8150784373283386
26	12000	0.7560519576072693
26	12500	0.7481739521026611
26	13000	0.76176917552948
26	13500	0.7552847862243652
26	14000	0.8277726173400879
26	14500	0.7465079426765442
26	15000	0.746566653251648
26	15500	0.7462411522865295
26	16000	0.7464033961296082
26	16500	0.7461994886398315
26	17000	0.7461439371109009
26	17500	0.7565290927886963
26	18000	0.7548795938491821
26	18500	0.7547705769538879
26	19000	0.753861129283905
26	19500	0.752849817276001
26	20000	0.7525303363800049
26	20500	0.7556559443473816
26	21000	0.7525092363357544
26	21500	0.7514842748641968
26	22000	0.7515847682952881
26	22500	0.7512727975845337
26	23000	0.7498096227645874
26	23500	0.7509195804595947
26	24000	0.7500053644180298
26	24500	0.749406635761261
26	25000	0.7487562894821167
26	25500	0.748642086982727
26	26000	0.7480732798576355
27	0	0.8500350117683411
27	500	0.7763378024101257
27	1000	0.759257435798645
27	1500	0.8090422749519348
27	2000	0.8141427040100098
27	2500	0.7958595156669617
27	3000	0.7599672675132751
27	3500	0.7692786455154419
27	4000	0.7710169553756714
27	4500	0.7565393447875977
27	5000	0.8984012603759766
27	5500	0.7765299677848816
27	6000	0.8190199732780457
27	6500	0.7572379112243652
27	7000	0.7627102732658386
27	7500	0.7646020650863647
27	8000	0.7593094110488892
27	8500	0.7540422677993774
27	9000	0.7660229802131653
27	9500	0.7897637486457825
27	10000	0.785976231098175
27	10500	0.7773270606994629
27	11000	0.8697260618209839
27	11500	0.8141725659370422
27	12000	0.7557271718978882
27	12500	0.7480195760726929
27	13000	0.7611253261566162
27	13500	0.7549516558647156
27	14000	0.8269068598747253
27	14500	0.7463984489440918
27	15000	0.7464573979377747
27	15500	0.746143639087677
27	16000	0.7463024854660034
27	16500	0.7461069226264954
27	17000	0.7460540533065796
27	17500	0.7560862898826599
27	18000	0.7545133233070374
27	18500	0.7544341683387756
27	19000	0.7535655498504639
27	19500	0.7525924444198608
27	20000	0.7522931694984436
27	20500	0.7552606463432312
27	21000	0.7522251605987549
27	21500	0.7512420415878296
27	22000	0.7513593435287476
27	22500	0.7510667443275452
27	23000	0.7496414184570312
27	23500	0.7507027387619019
27	24000	0.7498267292976379
27	24500	0.7492552995681763
27	25000	0.7486276030540466
27	25500	0.7485256195068359
27	26000	0.7479719519615173
28	0	0.8478536605834961
28	500	0.775108277797699
28	1000	0.7588309049606323
28	1500	0.8082786798477173
28	2000	0.8127692341804504
28	2500	0.7954798936843872
28	3000	0.759539008140564
28	3500	0.7687600255012512
28	4000	0.7703824043273926
28	4500	0.7561126351356506
28	5000	0.8975162506103516
28	5500	0.775825560092926
28	6000	0.8185617327690125
28	6500	0.7566330432891846
28	7000	0.7621376514434814
28	7500	0.7641183137893677
28	8000	0.7588812708854675
28	8500	0.7537938952445984
28	9000	0.7656604647636414
28	9500	0.789374053478241
28	10000	0.785340428352356
28	10500	0.7766352891921997
28	11000	0.8688398599624634
28	11500	0.8133095502853394
28	12000	0.7554224729537964
28	12500	0.7478762865066528
28	13000	0.7605164647102356
28	13500	0.7546388506889343
28	14000	0.8260853886604309
28	14500	0.7462968826293945
28	15000	0.7463558912277222
28	15500	0.7460530400276184
28	16000	0.7462086081504822
28	16500	0.7460207939147949
28	17000	0.7459703087806702
28	17500	0.7556759119033813
28	18000	0.7541723251342773
28	18500	0.7541197538375854
28	19000	0.7532885074615479
28	19500	0.752350926399231
28	20000	0.7520698308944702
28	20500	0.7548936009407043
28	21000	0.7519604563713074
28	21500	0.7510155439376831
28	22000	0.7511478662490845
28	22500	0.7508727312088013
28	23000	0.7494829893112183
28	23500	0.7505010962486267
28	24000	0.7496600151062012
28	24500	0.7491134405136108
28	25000	0.7485068440437317
28	25500	0.7484158873558044
28	26000	0.7478765845298767
29	0	0.8457348942756653
29	500	0.7739775776863098
29	1000	0.7584369778633118
29	1500	0.8075543642044067
29	2000	0.8114604949951172
29	2500	0.7951210141181946
29	3000	0.7591328024864197
29	3500	0.7682669758796692
29	4000	0.7697749137878418
29	4500	0.7557138204574585
29	5000	0.8966830968856812
29	5500	0.7751671075820923
29	6000	0.8181314468383789
29	6500	0.7560727596282959
29	7000	0.761600136756897
29	7500	0.7636550068855286
29	8000	0.7584779262542725
29	8500	0.7535617351531982
29	9000	0.7653261423110962
29	9500	0.7890053987503052
29	10000	0.7847420573234558
29	10500	0.7759759426116943
29	11000	0.8679868578910828
29	11500	0.8124859929084778
29	12000	0.7551356554031372
29	12500	0.7477430105209351
29	13000	0.759939968585968
29	13500	0.7543443441390991
29	14000	0.8253040313720703
29	14500	0.7462024092674255
29	15000	0.7462612986564636
29	15500	0.7459686994552612
29	16000	0.7461210489273071
29	16500	0.7459405064582825
29	17000	0.7458921670913696
29	17500	0.7552942633628845
29	18000	0.7538541555404663
29	18500	0.7538251876831055
29	19000	0.7530284523963928
29	19500	0.7521234750747681
29	20000	0.751859188079834
29	20500	0.7545516490936279
29	21000	0.7517131567001343
29	21500	0.7508033514022827
29	22000	0.7509490251541138
29	22500	0.7506899237632751
29	23000	0.7493335008621216
29	23500	0.7503129243850708
29	24000	0.7495037317276001
29	24500	0.7489802241325378
29	25000	0.7483931183815002
29	25500	0.7483122944831848
29	26000	0.7477864027023315
30	0	0.8436797857284546
30	500	0.77293461561203
30	1000	0.758072018623352
30	1500	0.8068660497665405
30	2000	0.8102129697799683
30	2500	0.7947810292243958
30	3000	0.7587469220161438
30	3500	0.7677973508834839
30	4000	0.7691925168037415
30	4500	0.7553402185440063
30	5000	0.895896315574646
30	5500	0.7745500802993774
30	6000	0.8177254796028137
30	6500	0.7555524110794067
30	7000	0.7610939741134644
30	7500	0.7632102370262146
30	8000	0.7580968141555786
30	8500	0.7533442378044128
30	9000	0.7650173902511597
30	9500	0.7886557579040527
30	10000	0.7841784358024597
30	10500	0.7753461003303528
30	11000	0.8671649694442749
30	11500	0.8116990327835083
30	12000	0.7548651695251465
30	12500	0.7476183176040649
30	13000	0.759393572807312
30	13500	0.7540665864944458
30	14000	0.8245593905448914
30	14500	0.7461143732070923
30	15000	0.7461731433868408
30	15500	0.7458899021148682
30	16000	0.7460391521453857
30	16500	0.7458652257919312
30	17000	0.7458189725875854
30	17500	0.7549386620521545
30	18000	0.7535567879676819
30	18500	0.7535486221313477
30	19000	0.7527835369110107
30	19500	0.7519090175628662
30	20000	0.751660168170929
30	20500	0.7542323470115662
30	21000	0.7514815330505371
30	21500	0.7506040334701538
30	22000	0.7507614493370056
30	22500	0.7505171895027161
30	23000	0.7491922378540039
30	23500	0.7501369714736938
30	24000	0.7493571043014526
30	24500	0.7488546371459961
30	25000	0.748285710811615
30	25500	0.7482143044471741
30	26000	0.7477009296417236
31	0	0.8416879773139954
31	500	0.7719703912734985
31	1000	0.7577330470085144
31	1500	0.8062108755111694
31	2000	0.809023380279541
31	2500	0.7944579124450684
31	3000	0.7583797574043274
31	3500	0.767349123954773
31	4000	0.7686333656311035
31	4500	0.7549894452095032
31	5000	0.8951517343521118
31	5500	0.7739704251289368
31	6000	0.8173419833183289
31	6500	0.7550681829452515
31	7000	0.7606167793273926
31	7500	0.762782633304596
31	8000	0.757736086845398
31	8500	0.7531399130821228
31	9000	0.7647318243980408
31	9500	0.7883237600326538
31	10000	0.7836469411849976
31	10500	0.7747443914413452
31	11000	0.8663718104362488
31	11500	0.8109461069107056
31	12000	0.7546093463897705
31	12500	0.7475017309188843
31	13000	0.758874773979187
31	13500	0.7538039684295654
31	14000	0.8238478899002075
31	14500	0.7460320591926575
31	15000	0.7460905313491821
31	15500	0.745816171169281
31	16000	0.7459623217582703
31	16500	0.7457946538925171
31	17000	0.7457503080368042
31	17500	0.7546063661575317
31	18000	0.7532777786254883
31	18500	0.7532885074615479
31	19000	0.7525526285171509
31	19500	0.7517064213752747
31	20000	0.7514716982841492
31	20500	0.753933310508728
31	21000	0.7512639164924622
31	21500	0.7504163980484009
31	22000	0.7505844831466675
31	22500	0.7503536939620972
31	23000	0.7490583658218384
31	23500	0.7499719858169556
31	24000	0.7492191195487976
31	24500	0.7487363815307617
31	25000	0.748184323310852
31	25500	0.7481215596199036
31	26000	0.7476199865341187
32	0	0.8397592306137085
32	500	0.771076500415802
32	1000	0.7574173808097839
32	1500	0.805586040019989
32	2000	0.8078885078430176
32	2500	0.7941508293151855
32	3000	0.7580298185348511
32	3500	0.7669209241867065
32	4000	0.7680960893630981
32	4500	0.7546592950820923
32	5000	0.8944451212882996
32	5500	0.7734246253967285
32	6000	0.8169790506362915
32	6500	0.7546164989471436
32	7000	0.7601655721664429
32	7500	0.7623709440231323
32	8000	0.757394015789032
32	8500	0.7529476284980774
32	9000	0.7644672393798828
32	9500	0.7880085706710815
32	10000	0.7831454873085022
32	10500	0.7741681337356567
32	11000	0.8656052350997925
32	11500	0.8102250099182129
32	12000	0.7543671131134033
32	12500	0.7473922967910767
32	13000	0.7583821415901184
32	13500	0.7535554766654968
32	14000	0.8231668472290039
32	14500	0.7459549903869629
32	15000	0.7460132241249084
32	15500	0.7457469701766968
32	16000	0.745890200138092
32	16500	0.7457283735275269
32	17000	0.7456856966018677
32	17500	0.7542948722839355
32	18000	0.7530156970024109
32	18500	0.7530432939529419
32	19000	0.7523344159126282
32	19500	0.7515146732330322
32	20000	0.7512930631637573
32	20500	0.7536529302597046
32	21000	0.7510594129562378
32	21500	0.7502395510673523
32	22000	0.7504171133041382
32	22500	0.7501987814903259
32	23000	0.7489315271377563
32	23500	0.7498169541358948
32	24000	0.7490891218185425
32	24500	0.7486245036125183
32	25000	0.7480882406234741
32	25500	0.7480334639549255
32	26000	0.7475431561470032
33	0	0.8378936052322388
33	500	0.7702457308769226
33	1000	0.7571228742599487
33	1500	0.8049889802932739
33	2000	0.8068050146102905
33	2500	0.7938581705093384
33	3000	0.757696270942688
33	3500	0.7665109038352966
33	4000	0.7675792574882507
33	4500	0.75434809923172
33	5000	0.8937727212905884
33	5500	0.7729095816612244
33	6000	0.816634476184845
33	6500	0.7541943788528442
33	7000	0.7597385048866272
33	7500	0.7619743347167969
33	8000	0.7570691704750061
33	8500	0.7527661919593811
33	9000	0.7642215490341187
33	9500	0.7877083420753479
33	10000	0.7826715707778931
33	10500	0.773615837097168
33	11000	0.8648630380630493
33	11500	0.809533417224884
33	12000	0.7541370391845703
33	12500	0.7472891807556152
33	13000	0.7579137086868286
33	13500	0.7533196210861206
33	14000	0.8225142359733582
33	14500	0.7458826303482056
33	15000	0.7459404468536377
33	15500	0.7456820607185364
33	16000	0.7458223700523376
33	16500	0.7456660270690918
33	17000	0.7456248998641968
33	17500	0.754002571105957
33	18000	0.7527690529823303
33	18500	0.7528116703033447
33	19000	0.7521279454231262
33	19500	0.7513331174850464
33	20000	0.7511234879493713
33	20500	0.7533892393112183
33	21000	0.7508665919303894
33	21500	0.7500724792480469
33	22000	0.7502585053443909
33	22500	0.750051736831665
33	23000	0.748810887336731
33	23500	0.7496709227561951
33	24000	0.7489662170410156
33	24500	0.7485184669494629
33	25000	0.7479971051216125
33	25500	0.7479497194290161
33	26000	0.7474699020385742
34	0	0.8360903859138489
34	500	0.7694720029830933
34	1000	0.7568475604057312
34	1500	0.8044177889823914
34	2000	0.8057700991630554
34	2500	0.7935788631439209
34	3000	0.7573775053024292
34	3500	0.7661178112030029
34	4000	0.7670818567276001
34	4500	0.7540539503097534
34	5000	0.8931312561035156
34	5500	0.7724229097366333
34	6000	0.8163069486618042
34	6500	0.7537992596626282
34	7000	0.7593332529067993
34	7500	0.7615916132926941
34	8000	0.7567601799964905
34	8500	0.7525945901870728
34	9000	0.7639934420585632
34	9500	0.7874221205711365
34	10000	0.7822237014770508
34	10500	0.77308589220047
34	11000	0.8641442060470581
34	11500	0.8088692426681519
34	12000	0.7539184093475342
34	12500	0.7471922039985657
34	13000	0.757468044757843
34	13500	0.7530955076217651
34	14000	0.8218876719474792
34	14500	0.7458146810531616
34	15000	0.7458720207214355
34	15500	0.7456209063529968
34	16000	0.7457584142684937
34	16500	0.7456072568893433
34	17000	0.7455675005912781
34	17500	0.7537276148796082
34	18000	0.7525363564491272
34	18500	0.7525926828384399
34	19000	0.7519322633743286
34	19500	0.7511606216430664
34	20000	0.7509621977806091
34	20500	0.7531406283378601
34	21000	0.7506844401359558
34	21500	0.7499143481254578
34	22000	0.7501080632209778
34	22500	0.7499117851257324
34	23000	0.7486963272094727
34	23500	0.7495330572128296
34	24000	0.7488499879837036
34	24500	0.7484179735183716
34	25000	0.7479104995727539
34	25500	0.7478699684143066
34	26000	0.747400164604187
35	0	0.8343485593795776
35	500	0.7687495946884155
35	1000	0.7565892338752747
35	1500	0.8038705587387085
35	2000	0.8047807812690735
35	2500	0.7933117747306824
35	3000	0.7570726871490479
35	3500	0.7657405734062195
35	4000	0.7666023969650269
35	4500	0.7537757754325867
35	5000	0.8925182223320007
35	5500	0.7719621062278748
35	6000	0.8159952163696289
35	6500	0.75342857837677
35	7000	0.7589480876922607
35	7500	0.7612220644950867
35	8000	0.7564658522605896
35	8500	0.7524319887161255
35	9000	0.7637810111045837
35	9500	0.7871493101119995
35	10000	0.7818001508712769
35	10500	0.7725768089294434
35	11000	0.863446831703186
35	11500	0.8082316517829895
35	12000	0.753710150718689
35	12500	0.7471003532409668
35	13000	0.7570436000823975
35	13500	0.7528822422027588
35	14000	0.8212852478027344
35	14500	0.7457505464553833
35	15000	0.745807409286499
35	15500	0.7455633282661438
35	16000	0.745698094367981
35	16500	0.7455517649650574
35	17000	0.7455133199691772
35	17500	0.7534685134887695
35	18000	0.7523165941238403
35	18500	0.7523851990699768
35	19000	0.7517465949058533
35	19500	0.7509965896606445
35	20000	0.750808596611023
35	20500	0.7529059648513794
35	21000	0.7505122423171997
35	21500	0.7497644424438477
35	22000	0.7499650120735168
35	22500	0.7497786283493042
35	23000	0.7485869526863098
35	23500	0.7494027614593506
35	24000	0.7487398386001587
35	24500	0.7483223676681519
35	25000	0.7478281259536743
35	25500	0.7477940320968628
35	26000	0.7473336458206177
36	0	0.8326666951179504
36	500	0.7680741548538208
36	1000	0.7563468217849731
36	1500	0.8033458590507507
36	2000	0.8038345575332642
36	2500	0.7930561304092407
36	3000	0.7567809820175171
36	3500	0.7653781175613403
36	4000	0.7661400437355042
36	4500	0.7535122632980347
36	5000	0.891931414604187
36	5500	0.7715249061584473
36	6000	0.8156978487968445
36	6500	0.7530803680419922
36	7000	0.7585816979408264
36	7500	0.7608648538589478
36	8000	0.7561846971511841
36	8500	0.7522777318954468
36	9000	0.7635830640792847
36	9500	0.7868889570236206
36	10000	0.7813993692398071
36	10500	0.7720874547958374
36	11000	0.8627697229385376
36	11500	0.8076189756393433
36	12000	0.7535114884376526
36	12500	0.7470135688781738
36	13000	0.7566392421722412
36	13500	0.7526792287826538
36	14000	0.8207051157951355
36	14500	0.7456900477409363
36	15000	0.7457464933395386
36	15500	0.7455086708068848
36	16000	0.7456410527229309
36	16500	0.7454992532730103
36	17000	0.7454620003700256
36	17500	0.7532237768173218
36	18000	0.7521085739135742
36	18500	0.7521882653236389
36	19000	0.7515700459480286
36	19500	0.7508406043052673
36	20000	0.7506622076034546
36	20500	0.7526842355728149
36	21000	0.7503491044044495
36	21500	0.7496222257614136
36	22000	0.7498289346694946
36	22500	0.7496517300605774
36	23000	0.7484828233718872
36	23500	0.7492793202400208
36	24000	0.7486351728439331
36	24500	0.7482315301895142
36	25000	0.7477495670318604
36	25500	0.7477213144302368
36	26000	0.7472699880599976
37	0	0.8310434222221375
37	500	0.7674410939216614
37	1000	0.7561187148094177
37	1500	0.8028419613838196
37	2000	0.8029283285140991
37	2500	0.7928113341331482
37	3000	0.7565014362335205
37	3500	0.7650295495986938
37	4000	0.7656939625740051
37	4500	0.7532621026039124
37	5000	0.8913677334785461
37	5500	0.7711097002029419
37	6000	0.8154141306877136
37	6500	0.7527527809143066
37	7000	0.7582323551177979
37	7500	0.7605193853378296
37	8000	0.7559162378311157
37	8500	0.7521311640739441
37	9000	0.7633983492851257
37	9500	0.7866401076316833
37	10000	0.781019389629364
37	10500	0.771616518497467
37	11000	0.8621123433113098
37	11500	0.8070295453071594
37	12000	0.7533217668533325
37	12500	0.7469311952590942
37	13000	0.7562534213066101
37	13500	0.752485454082489
37	14000	0.8201454281806946
37	14500	0.7456328272819519
37	15000	0.7456887364387512
37	15500	0.7454571723937988
37	16000	0.7455869913101196
37	16500	0.7454494833946228
37	17000	0.7454134225845337
37	17500	0.7529922723770142
37	18000	0.7519112825393677
37	18500	0.7520011067390442
37	19000	0.751401960849762
37	19500	0.7506918907165527
37	20000	0.7505223155021667
37	20500	0.7524741888046265
37	21000	0.7501943707466125
37	21500	0.7494871616363525
37	22000	0.7496994137763977
37	22500	0.7495304942131042
37	23000	0.7483833432197571
37	23500	0.7491621971130371
37	24000	0.7485355734825134
37	24500	0.7481448650360107
37	25000	0.7476745843887329
37	25500	0.7476519346237183
37	26000	0.7472091913223267
38	0	0.8294771909713745
38	500	0.7668469548225403
38	1000	0.7559036016464233
38	1500	0.8023577928543091
38	2000	0.8020603060722351
38	2500	0.7925766706466675
38	3000	0.7562331557273865
38	3500	0.7646938562393188
38	4000	0.7652627825737
38	4500	0.7530244588851929
38	5000	0.8908257484436035
38	5500	0.770714521408081
38	6000	0.8151432871818542
38	6500	0.7524440884590149
38	7000	0.7578989863395691
38	7500	0.7601852416992188
38	8000	0.7556594014167786
38	8500	0.7519915103912354
38	9000	0.763225793838501
38	9500	0.7864022254943848
38	10000	0.7806593179702759
38	10500	0.7711628079414368
38	11000	0.8614732623100281
38	11500	0.8064621686935425
38	12000	0.7531402111053467
38	12500	0.7468529939651489
38	13000	0.7558851838111877
38	13500	0.7523003816604614
38	14000	0.8196054697036743
38	14500	0.7455786466598511
38	15000	0.745634138584137
38	15500	0.7454082369804382
38	16000	0.7455357313156128
38	16500	0.7454022169113159
38	17000	0.745367169380188
38	17500	0.752772867679596
38	18000	0.7517240643501282
38	18500	0.7518228888511658
38	19000	0.7512416839599609
38	19500	0.7505499124526978
38	20000	0.7503889203071594
38	20500	0.7522748708724976
38	21000	0.7500472664833069
38	21500	0.7493583559989929
38	22000	0.749575674533844
38	22500	0.7494148015975952
38	23000	0.7482882738113403
38	23500	0.7490509748458862
38	24000	0.7484408617019653
38	24500	0.748062252998352
38	25000	0.7476028800010681
38	25500	0.7475855350494385
38	26000	0.7471508383750916
39	0	0.8279666900634766
39	500	0.7662879824638367
39	1000	0.7557005286216736
39	1500	0.8018915057182312
39	2000	0.8012279272079468
39	2500	0.7923513054847717
39	3000	0.755975604057312
39	3500	0.7643702030181885
39	4000	0.7648463249206543
39	4500	0.7527984380722046
39	5000	0.8903040885925293
39	5500	0.7703379392623901
39	6000	0.8148841857910156
39	6500	0.7521528005599976
39	7000	0.757580578327179
39	7500	0.7598615884780884
39	8000	0.7554134130477905
39	8500	0.7518584728240967
39	9000	0.7630642652511597
39	9500	0.7861741781234741
39	10000	0.7803176641464233
39	10500	0.7707251906394958
39	11000	0.8608514666557312
39	11500	0.8059154748916626
39	12000	0.7529662847518921
39	12500	0.7467786073684692
39	13000	0.7555335760116577
39	13500	0.7521234154701233
39	14000	0.8190838098526001
39	14500	0.7455275058746338
39	15000	0.7455822229385376
39	15500	0.7453619241714478
39	16000	0.7454870939254761
39	16500	0.7453573346138
39	17000	0.7453233003616333
39	17500	0.7525646686553955
39	18000	0.7515459656715393
39	18500	0.7516531944274902
39	19000	0.7510887384414673
39	19500	0.750414252281189
39	20000	0.750261127948761
39	20500	0.7520855665206909
39	21000	0.7499072551727295
39	21500	0.7492358684539795
39	22000	0.749457597732544
39	22500	0.7493040561676025
39	23000	0.7481972575187683
39	23500	0.7489450573921204
39	24000	0.7483503818511963
39	24500	0.7479831576347351
39	25000	0.7475343346595764
39	25500	0.7475217580795288
39	26000	0.747094988822937
40	0	0.8265104293823242
40	500	0.7657615542411804
40	1000	0.755508303642273
40	1500	0.8014425039291382
40	2000	0.8004291653633118
40	2500	0.7921345233917236
40	3000	0.7557281255722046
40	3500	0.7640578150749207
40	4000	0.764443576335907
40	4500	0.7525832056999207
40	5000	0.8898007273674011
40	5500	0.7699785232543945
40	6000	0.8146356344223022
40	6500	0.7518774271011353
40	7000	0.7572758793830872
40	7500	0.7595480680465698
40	8000	0.7551776766777039
40	8500	0.751731276512146
40	9000	0.7629131078720093
40	9500	0.7859557867050171
40	10000	0.7799931764602661
40	10500	0.7703026533126831
40	11000	0.8602457046508789
40	11500	0.8053879737854004
40	12000	0.7527998685836792
40	12500	0.7467076182365417
40	13000	0.7551974654197693
40	13500	0.7519538998603821
40	14000	0.8185788989067078
40	14500	0.7454787492752075
40	15000	0.7455329895019531
40	15500	0.7453179955482483
40	16000	0.7454407811164856
40	16500	0.7453147172927856
40	17000	0.7452816367149353
40	17500	0.7523669004440308
40	18000	0.7513765692710876
40	18500	0.7514913082122803
40	19000	0.7509426474571228
40	19500	0.7502844929695129
40	20000	0.7501386404037476
40	20500	0.7519053816795349
40	21000	0.7497738599777222
40	21500	0.7491188645362854
40	22000	0.7493445873260498
40	22500	0.7491979598999023
40	23000	0.7481101155281067
40	23500	0.7488441467285156
40	24000	0.7482640743255615
40	24500	0.7479076385498047
40	25000	0.7474686503410339
40	25500	0.7474607229232788
40	26000	0.7470412254333496
41	0	0.8251069784164429
41	500	0.7652649879455566
41	1000	0.7553260922431946
41	1500	0.8010093569755554
41	2000	0.7996622323989868
41	2500	0.7919260859489441
41	3000	0.7554899454116821
41	3500	0.7637561559677124
41	4000	0.7640537023544312
41	4500	0.7523778080940247
41	5000	0.8893139958381653
41	5500	0.7696350812911987
41	6000	0.814396858215332
41	6500	0.7516168355941772
41	7000	0.7569839358329773
41	7500	0.7592440247535706
41	8000	0.7549513578414917
41	8500	0.7516095042228699
41	9000	0.7627715468406677
41	9500	0.7857467532157898
41	10000	0.7796846628189087
41	10500	0.7698944807052612
41	11000	0.8596552610397339
41	11500	0.8048785328865051
41	12000	0.7526397109031677
41	12500	0.7466400861740112
41	13000	0.7548760175704956
41	13500	0.7517912983894348
41	14000	0.818090558052063
41	14500	0.7454324960708618
41	15000	0.7454861402511597
41	15500	0.7452760934829712
41	16000	0.7453967332839966
41	16500	0.7452741265296936
41	17000	0.7452418208122253
41	17500	0.7521787285804749
41	18000	0.7512149810791016
41	18500	0.7513365745544434
41	19000	0.7508029341697693
41	19500	0.750160276889801
41	20000	0.7500213384628296
41	20500	0.7517338395118713
41	21000	0.7496467232704163
41	21500	0.7490070462226868
41	22000	0.7492365837097168
41	22500	0.7490962743759155
41	23000	0.7480264902114868
41	23500	0.7487478852272034
41	24000	0.7481816411018372
41	24500	0.7478352785110474
41	25000	0.7474056482315063
41	25500	0.7474019527435303
41	26000	0.7469896674156189
42	0	0.8237536549568176
42	500	0.7647956013679504
42	1000	0.7551530599594116
42	1500	0.8005911111831665
42	2000	0.79892498254776
42	2500	0.7917250394821167
42	3000	0.7552605271339417
42	3500	0.7634648084640503
42	4000	0.7636763453483582
42	4500	0.7521817684173584
42	5000	0.8888430595397949
42	5500	0.7693063020706177
42	6000	0.8141677975654602
42	6500	0.7513700723648071
42	7000	0.7567040920257568
42	7500	0.758949339389801
42	8000	0.7547339200973511
42	8500	0.7514930367469788
42	9000	0.7626386284828186
42	9500	0.7855456471443176
42	10000	0.779391348361969
42	10500	0.7694997787475586
42	11000	0.8590796589851379
42	11500	0.8043860197067261
42	12000	0.7524861097335815
42	12500	0.7465754747390747
42	13000	0.7545684576034546
42	13500	0.7516354322433472
42	14000	0.8176171183586121
42	14500	0.7453884482383728
42	15000	0.7454415559768677
42	15500	0.7452362179756165
42	16000	0.7453547120094299
42	16500	0.7452353239059448
42	17000	0.745203971862793
42	17500	0.7519993782043457
42	18000	0.7510609030723572
42	18500	0.7511886358261108
42	19000	0.7506691813468933
42	19500	0.7500411868095398
42	20000	0.7499086260795593
42	20500	0.7515701055526733
42	21000	0.7495253682136536
42	21500	0.7489002346992493
42	22000	0.7491329312324524
42	22500	0.748998761177063
42	23000	0.7479463219642639
42	23500	0.7486559152603149
42	24000	0.748102605342865
42	24500	0.747765839099884
42	25000	0.7473452687263489
42	25500	0.7473455667495728
42	26000	0.746940016746521
43	0	0.8224482536315918
43	500	0.7643517255783081
43	1000	0.7549884915351868
43	1500	0.8001872301101685
43	2000	0.7982159852981567
43	2500	0.7915314435958862
43	3000	0.755039632320404
43	3500	0.7631828784942627
43	4000	0.7633107900619507
43	4500	0.7519944310188293
43	5000	0.888386607170105
43	5500	0.7689915299415588
43	6000	0.8139477968215942
43	6500	0.7511359453201294
43	7000	0.7564353346824646
43	7500	0.7586633563041687
43	8000	0.754524827003479
43	8500	0.7513812780380249
43	9000	0.7625139355659485
43	9500	0.785352349281311
43	10000	0.7791122198104858
43	10500	0.7691181302070618
43	11000	0.8585184216499329
43	11500	0.8039100766181946
43	12000	0.7523384690284729
43	12500	0.7465136647224426
43	13000	0.7542740106582642
43	13500	0.7514856457710266
43	14000	0.8171581029891968
43	14500	0.7453464269638062
43	15000	0.7453989386558533
43	15500	0.7451982498168945
43	16000	0.7453147172927856
43	16500	0.7451984286308289
43	17000	0.7451676726341248
43	17500	0.7518283128738403
43	18000	0.7509136199951172
43	18500	0.7510470151901245
43	19000	0.7505409717559814
43	19500	0.7499269247055054
43	20000	0.7498005032539368
43	20500	0.751413881778717
43	21000	0.7494090795516968
43	21500	0.7487977743148804
43	22000	0.7490335702896118
43	22500	0.7489050626754761
43	23000	0.7478692531585693
43	23500	0.7485679388046265
43	24000	0.7480268478393555
43	24500	0.7476992011070251
43	25000	0.7472871541976929
43	25500	0.7472912073135376
43	26000	0.7468922734260559
44	0	0.8211907148361206
44	500	0.7639310956001282
44	1000	0.7548317909240723
44	1500	0.7997965216636658
44	2000	0.7975336313247681
44	2500	0.7913445234298706
44	3000	0.7548264861106873
44	3500	0.7629100680351257
44	4000	0.7629565000534058
44	4500	0.7518151998519897
44	5000	0.8879436254501343
44	5500	0.7686893939971924
44	6000	0.813736081123352
44	6500	0.7509135007858276
44	7000	0.7561773657798767
44	7500	0.7583858966827393
44	8000	0.7543235421180725
44	8500	0.751274049282074
44	9000	0.7623968124389648
44	9500	0.7851666212081909
44	10000	0.778846263885498
44	10500	0.7687486410140991
44	11000	0.8579708337783813
44	11500	0.803449273109436
44	12000	0.7521962523460388
44	12500	0.7464544773101807
44	13000	0.7539917230606079
44	13500	0.7513415813446045
44	14000	0.8167125582695007
44	14500	0.7453064918518066
44	15000	0.7453583478927612
44	15500	0.7451618909835815
44	16000	0.7452763319015503
44	16500	0.7451631426811218
44	17000	0.745133101940155
44	17500	0.7516649961471558
44	18000	0.7507727742195129
44	18500	0.7509114146232605
44	19000	0.750417947769165
44	19500	0.7498172521591187
44	20000	0.7496964931488037
44	20500	0.7512643337249756
44	21000	0.7492978572845459
44	21500	0.7486998438835144
44	22000	0.7489382028579712
44	22500	0.7488148808479309
44	23000	0.7477951049804688
44	23500	0.7484835982322693
44	24000	0.7479541897773743
44	24500	0.7476352453231812
44	25000	0.7472313046455383
44	25500	0.74723881483078
44	26000	0.7468461394309998
45	0	0.8199788331985474
45	500	0.7635320425033569
45	1000	0.7546825408935547
45	1500	0.7994185090065002
45	2000	0.796876847743988
45	2500	0.7911640405654907
45	3000	0.7546209692955017
45	3500	0.762645959854126
45	4000	0.7626131772994995
45	4500	0.7516433596611023
45	5000	0.8875135183334351
45	5500	0.7683993577957153
45	6000	0.8135325312614441
45	6500	0.7507022023200989
45	7000	0.755929172039032
45	7500	0.7581164240837097
45	8000	0.7541296482086182
45	8500	0.7511709928512573
45	9000	0.762286901473999
45	9500	0.7849881052970886
45	10000	0.7785928845405579
45	10500	0.7683905363082886
45	11000	0.8574360609054565
45	11500	0.8030034303665161
45	12000	0.7520594596862793
45	12500	0.7463976144790649
45	13000	0.7537211179733276
45	13500	0.7512028813362122
45	14000	0.8162800073623657
45	14500	0.7452682256698608
45	15000	0.7453194856643677
45	15500	0.7451272010803223
45	16000	0.7452397346496582
45	16500	0.7451292276382446
45	17000	0.7451000213623047
45	17500	0.7515087723731995
45	18000	0.7506378889083862
45	18500	0.750781238079071
45	19000	0.7502998113632202
45	19500	0.7497118711471558
45	20000	0.7495964765548706
45	20500	0.7511213421821594
45	21000	0.749191403388977
45	21500	0.7486057281494141
45	22000	0.7488465309143066
45	22500	0.7487282752990723
45	23000	0.7477238774299622
45	23500	0.7484028339385986
45	24000	0.7478845119476318
45	24500	0.7475735545158386
45	25000	0.7471774816513062
45	25500	0.7471884489059448
45	26000	0.7468017339706421
46	0	0.8188101649284363
46	500	0.7631533741950989
46	1000	0.754539966583252
46	1500	0.7990527153015137
46	2000	0.7962439656257629
46	2500	0.7909895777702332
46	3000	0.7544225454330444
46	3500	0.76239013671875
46	4000	0.7622801661491394
46	4500	0.7514789700508118
46	5000	0.8870949745178223
46	5500	0.7681206464767456
46	6000	0.8133362531661987
46	6500	0.7505010366439819
46	7000	0.7556902766227722
46	7500	0.7578548192977905
46	8000	0.7539425492286682
46	8500	0.7510719299316406
46	9000	0.7621830701828003
46	9500	0.7848161458969116
46	10000	0.7783510684967041
46	10500	0.7680433988571167
46	11000	0.8569134473800659
46	11500	0.8025718927383423
46	12000	0.7519274950027466
46	12500	0.7463433742523193
46	13000	0.7534617185592651
46	13500	0.751069188117981
46	14000	0.8158596754074097
46	14500	0.745231568813324
46	15000	0.7452824115753174
46	15500	0.7450940608978271
46	16000	0.7452046871185303
46	16500	0.7450969219207764
46	17000	0.7450681924819946
46	17500	0.7513592839241028
46	18000	0.7505086660385132
46	18500	0.7506563663482666
46	19000	0.7501862645149231
46	19500	0.7496104836463928
46	20000	0.7495001554489136
46	20500	0.7509843111038208
46	21000	0.749089241027832
46	21500	0.7485153079032898
46	22000	0.7487582564353943
46	22500	0.7486447691917419
46	23000	0.7476550936698914
46	23500	0.7483252882957458
46	24000	0.7478173971176147
46	24500	0.7475143671035767
46	25000	0.7471256256103516
46	25500	0.747139573097229
46	26000	0.7467588186264038
47	0	0.8176836967468262
47	500	0.7627931237220764
47	1000	0.7544036507606506
47	1500	0.7986981868743896
47	2000	0.7956336736679077
47	2500	0.7908209562301636
47	3000	0.7542307376861572
47	3500	0.7621423006057739
47	4000	0.761957049369812
47	4500	0.7513210773468018
47	5000	0.8866875767707825
47	5500	0.7678524851799011
47	6000	0.8131465911865234
47	6500	0.7503095865249634
47	7000	0.7554602026939392
47	7500	0.7576005458831787
47	8000	0.7537620663642883
47	8500	0.7509765625
47	9000	0.7620851397514343
47	9500	0.7846502065658569
47	10000	0.7781202793121338
47	10500	0.7677067518234253
47	11000	0.8564031720161438
47	11500	0.8021534085273743
47	12000	0.7518001794815063
47	12500	0.7462911605834961
47	13000	0.753212571144104
47	13500	0.7509403824806213
47	14000	0.8154507875442505
47	14500	0.7451966404914856
47	15000	0.7452468276023865
47	15500	0.7450622320175171
47	16000	0.745171070098877
47	16500	0.7450658679008484
47	17000	0.745037853717804
47	17500	0.7512160539627075
47	18000	0.7503846883773804
47	18500	0.7505362629890442
47	19000	0.750076949596405
47	19500	0.749512791633606
47	20000	0.7494072318077087
47	20500	0.7508527040481567
47	21000	0.7489911317825317
47	21500	0.7484286427497864
47	22000	0.7486734390258789
47	22500	0.7485643029212952
47	23000	0.7475889921188354
47	23500	0.7482506632804871
47	24000	0.747752845287323
47	24500	0.7474572062492371
47	25000	0.747075617313385
47	25500	0.747092604637146
47	26000	0.7467173337936401
48	0	0.8165969848632812
48	500	0.7624502182006836
48	1000	0.7542731165885925
48	1500	0.7983543276786804
48	2000	0.7950446605682373
48	2500	0.7906578779220581
48	3000	0.754045307636261
48	3500	0.7619017362594604
48	4000	0.7616432905197144
48	4500	0.7511695027351379
48	5000	0.8862903714179993
48	5500	0.7675942182540894
48	6000	0.812963604927063
48	6500	0.7501267790794373
48	7000	0.7552386522293091
48	7500	0.7573534250259399
48	8000	0.7535877823829651
48	8500	0.750884473323822
48	9000	0.7619928121566772
48	9500	0.7844902276992798
48	10000	0.7778998613357544
48	10500	0.7673797011375427
48	11000	0.8559044003486633
48	11500	0.8017476201057434
48	12000	0.751677393913269
48	12500	0.7462409734725952
48	13000	0.7529734373092651
48	13500	0.7508160471916199
48	14000	0.8150529861450195
48	14500	0.7451631426811218
48	15000	0.745212733745575
48	15500	0.7450318336486816
48	16000	0.7451388239860535
48	16500	0.745036244392395
48	17000	0.7450087070465088
48	17500	0.7510787844657898
48	18000	0.7502657175064087
48	18500	0.7504209280014038
48	19000	0.749971866607666
48	19500	0.7494188547134399
48	20000	0.7493177056312561
48	20500	0.7507265210151672
48	21000	0.7488969564437866
48	21500	0.748345136642456
48	22000	0.7485916018486023
48	22500	0.7484866380691528
48	23000	0.7475250959396362
48	23500	0.7481791377067566
48	24000	0.7476907968521118
48	24500	0.7474021315574646
48	25000	0.7470273375511169
48	25500	0.7470473051071167
48	26000	0.7466773986816406
49	0	0.8155485987663269
49	500	0.7621234655380249
49	1000	0.754148006439209
49	1500	0.7980207204818726
49	2000	0.7944759130477905
49	2500	0.7904998660087585
49	3000	0.7538660168647766
49	3500	0.7616682648658752
49	4000	0.7613385915756226
49	4500	0.7510239481925964
49	5000	0.8859027624130249
49	5500	0.7673452496528625
49	6000	0.812786877155304
49	6500	0.7499526143074036
49	7000	0.755024790763855
49	7500	0.7571131587028503
49	8000	0.7534193992614746
49	8500	0.7507957816123962
49	9000	0.7619054913520813
49	9500	0.784335732460022
49	10000	0.7776892185211182
49	10500	0.7670621275901794
49	11000	0.8554169535636902
49	11500	0.8013538122177124
49	12000	0.7515586614608765
49	12500	0.7461925745010376
49	13000	0.7527436017990112
49	13500	0.7506958842277527
49	14000	0.814665675163269
49	14500	0.7451310157775879
49	15000	0.7451800107955933
49	15500	0.7450026273727417
49	16000	0.7451080083847046
49	16500	0.7450076341629028
49	17000	0.7449806928634644
49	17500	0.7509468793869019
49	18000	0.7501510977745056
49	18500	0.7503097653388977
49	19000	0.7498705387115479
49	19500	0.7493281364440918
49	20000	0.749231219291687
49	20500	0.7506052851676941
49	21000	0.7488062977790833
49	21500	0.748264729976654
49	22000	0.7485128045082092
49	22500	0.7484117746353149
49	23000	0.7474635243415833
49	23500	0.7481101751327515
49	24000	0.7476308941841125
49	24500	0.747348964214325
49	25000	0.7469806671142578
49	25500	0.7470033168792725
49	26000	0.7466384768486023
50	0	0.8145377039909363
50	500	0.7618117332458496
50	1000	0.7540282011032104
50	1500	0.7976968884468079
50	2000	0.7939265370368958
50	2500	0.7903469800949097
50	3000	0.7536924481391907
50	3500	0.7614415884017944
50	4000	0.7610424757003784
50	4500	0.7508838772773743
50	5000	0.8855239748954773
50	5500	0.7671050429344177
50	6000	0.8126161694526672
50	6500	0.7497860789299011
50	7000	0.754818320274353
50	7500	0.756879448890686
50	8000	0.7532566785812378
50	8500	0.7507100701332092
50	9000	0.761823296546936
50	9500	0.7841868996620178
50	10000	0.7774876356124878
50	10500	0.7667537331581116
50	11000	0.8549405932426453
50	11500	0.8009713888168335
50	12000	0.7514439821243286
50	12500	0.7461460828781128
50	13000	0.7525225877761841
50	13500	0.750579833984375
50	14000	0.8142882585525513
50	14500	0.745100200176239
50	15000	0.7451487183570862
50	15500	0.7449746131896973
50	16000	0.7450782060623169
50	16500	0.7449802756309509
50	17000	0.7449538111686707
50	17500	0.7508201003074646
50	18000	0.750041127204895
50	18500	0.7502025961875916
50	19000	0.7497729063034058
50	19500	0.7492405772209167
50	20000	0.7491477727890015
50	20500	0.7504885792732239
50	21000	0.7487190961837769
50	21500	0.748187243938446
50	22000	0.7484367489814758
50	22500	0.7483395338058472
50	23000	0.7474039196968079
50	23500	0.7480438351631165
50	24000	0.74757319688797
50	24500	0.7472977638244629
50	25000	0.7469357252120972
50	25500	0.7469607591629028
50	26000	0.7466009855270386

t	e	s	t	_	l	o	s	s
0	0.13732738858027174
26279	0.13890341354521696
52558	0.1399408741239417
78837	0.1406235896725265
105116	0.14110995488977326
131395	0.14147520815299836
157674	0.14175929591618888
183953	0.141985773777067
210232	0.14216957681752726
236511	0.14232056180372932
262790	0.14244555579642323
289069	0.14254954103339323
315348	0.14263609600382926
341627	0.1427079802317335
367906	0.1427673233002753
394185	0.1428158095340855
420464	0.14285486054999413
446743	0.14288562838868063
473022	0.14290906256660985
499301	0.14292600999604788
525580	0.1429371866695665
551859	0.14294331150075984
578138	0.14294494127332508
604417	0.14294253887719666
630696	0.14293657464960027
656975	0.14292748016500578
683254	0.1429156254195746
709533	0.1429012937787879
735812	0.1428847747659578
762091	0.14286634593083633
788370	0.14284618913995772
814649	0.14282451423325024
840928	0.14280150689299795
867207	0.14277737261706894
893486	0.14275216240493405
919765	0.14272607833344414
946044	0.14269926150639853
972323	0.14267176944951612
998602	0.14264369766180615
1024881	0.1426150567484218
1051160	0.1425859722870075
1077439	0.14255653203981075
1103718	0.14252679463780216
1129997	0.14249674350220637
1156276	0.14246652873672924
1182555	0.14243620605131913
1208834	0.14240569552575252
1235113	0.14237516410566586
1261392	0.14234458621237714
1287671	0.14231396647741726
