t	r	a	i	n	_	l	o	s	s
1	0	1.4007055759429932
1	500	1.3409812450408936
1	1000	1.2528507709503174
1	1500	1.2266623973846436
1	2000	1.2245738506317139
1	2500	1.2097526788711548
1	3000	1.1233934164047241
1	3500	1.1159794330596924
1	4000	1.1263521909713745
1	4500	1.0666462182998657
1	5000	1.115454077720642
1	5500	1.1127694845199585
1	6000	1.056836724281311
1	6500	1.040968894958496
1	7000	1.0113075971603394
1	7500	1.0016744136810303
1	8000	0.988187313079834
1	8500	0.9646414518356323
1	9000	1.0006945133209229
1	9500	1.0098011493682861
1	10000	0.9729192852973938
1	10500	0.9752721786499023
1	11000	1.0094079971313477
1	11500	0.9990045428276062
1	12000	0.9192941784858704
1	12500	0.8912126421928406
1	13000	0.9134883880615234
1	13500	0.8937646150588989
1	14000	0.9869437217712402
1	14500	0.9385401010513306
1	15000	0.8558350801467896
1	15500	0.8192216157913208
1	16000	0.802108645439148
1	16500	0.7897467017173767
1	17000	0.7819876670837402
1	17500	1.1539040803909302
1	18000	0.9060676693916321
1	18500	0.8460373878479004
1	19000	0.8179531097412109
1	19500	0.8016136884689331
1	20000	0.7915083169937134
1	20500	1.2266255617141724
1	21000	0.9449751973152161
1	21500	0.8511670231819153
1	22000	0.8134931325912476
1	22500	0.7955745458602905
1	23000	0.7835633754730225
1	23500	1.0533158779144287
1	24000	1.0160236358642578
1	24500	0.9791128039360046
1	25000	0.908179759979248
1	25500	0.8336833119392395
1	26000	0.7992820143699646
2	0	1.1008946895599365
2	500	1.0455677509307861
2	1000	0.9431115388870239
2	1500	0.9647824168205261
2	2000	0.931686282157898
2	2500	0.9240111112594604
2	3000	0.8675588369369507
2	3500	0.8909537196159363
2	4000	0.8901808857917786
2	4500	0.9071077108383179
2	5000	1.0201609134674072
2	5500	0.9385396242141724
2	6000	0.9213848114013672
2	6500	0.9169658422470093
2	7000	0.8965337872505188
2	7500	0.8559067845344543
2	8000	0.8684360384941101
2	8500	0.8417600393295288
2	9000	0.8728256225585938
2	9500	0.8789927363395691
2	10000	0.8724057078361511
2	10500	0.873266875743866
2	11000	0.9741818308830261
2	11500	0.9193621873855591
2	12000	0.8377028703689575
2	12500	0.8089845776557922
2	13000	0.8450281023979187
2	13500	0.8216680288314819
2	14000	0.9436944723129272
2	14500	0.8099274635314941
2	15000	0.7922604084014893
2	15500	0.7801089286804199
2	16000	0.7753254175186157
2	16500	0.7698689699172974
2	17000	0.7667385935783386
2	17500	0.9655023813247681
2	18000	0.847852885723114
2	18500	0.8155703544616699
2	19000	0.7983389496803284
2	19500	0.7875109314918518
2	20000	0.7810090780258179
2	20500	0.9455718994140625
2	21000	0.8305224180221558
2	21500	0.7999290823936462
2	22000	0.7868650555610657
2	22500	0.7789096236228943
2	23000	0.7716647386550903
2	23500	0.8945299386978149
2	24000	0.8215804100036621
2	24500	0.7898569703102112
2	25000	0.7762415409088135
2	25500	0.7698832750320435
2	26000	0.765296995639801
3	0	1.0093671083450317
3	500	0.9751313328742981
3	1000	0.8650086522102356
3	1500	0.9077637791633606
3	2000	0.8974761962890625
3	2500	0.8687350153923035
3	3000	0.8227304220199585
3	3500	0.8490203022956848
3	4000	0.8437806963920593
3	4500	0.8565676808357239
3	5000	0.9994441866874695
3	5500	0.8964813947677612
3	6000	0.8881623148918152
3	6500	0.8733800053596497
3	7000	0.8597222566604614
3	7500	0.8250411152839661
3	8000	0.828469455242157
3	8500	0.8106874227523804
3	9000	0.8402597308158875
3	9500	0.8485413789749146
3	10000	0.8502970933914185
3	10500	0.8433929681777954
3	11000	0.952509880065918
3	11500	0.8935688138008118
3	12000	0.8114315867424011
3	12500	0.7879036664962769
3	13000	0.8225585222244263
3	13500	0.8016063570976257
3	14000	0.9198321104049683
3	14500	0.776544988155365
3	15000	0.7718572020530701
3	15500	0.7666088938713074
3	16000	0.7650147676467896
3	16500	0.7619920969009399
3	17000	0.7603674530982971
3	17500	0.8867870569229126
3	18000	0.823237419128418
3	18500	0.8021035194396973
3	19000	0.7892619371414185
3	19500	0.7806826829910278
3	20000	0.7757018804550171
3	20500	0.8703664541244507
3	21000	0.8064631223678589
3	21500	0.7871836423873901
3	22000	0.7786561846733093
3	22500	0.7729674577713013
3	23000	0.7669698596000671
3	23500	0.8139474987983704
3	24000	0.7850073575973511
3	24500	0.7726144790649414
3	25000	0.7659429907798767
3	25500	0.7626147866249084
3	26000	0.7597033977508545
4	0	0.9701213836669922
4	500	0.9344646334648132
4	1000	0.8317254781723022
4	1500	0.8828662633895874
4	2000	0.8822410702705383
4	2500	0.8453769683837891
4	3000	0.8046736717224121
4	3500	0.8277473449707031
4	4000	0.8231630325317383
4	4500	0.8283292055130005
4	5000	0.9821604490280151
4	5500	0.8702823519706726
4	6000	0.8707228899002075
4	6500	0.8477902412414551
4	7000	0.8370122909545898
4	7500	0.8096339106559753
4	8000	0.8088027834892273
4	8500	0.795407772064209
4	9000	0.8223722577095032
4	9500	0.8328374028205872
4	10000	0.8382225036621094
4	10500	0.828507125377655
4	11000	0.9371700286865234
4	11500	0.8776999711990356
4	12000	0.7969061136245728
4	12500	0.776360273361206
4	13000	0.8098747134208679
4	13500	0.7907178401947021
4	14000	0.9031330943107605
4	14500	0.765774667263031
4	15000	0.7637553215026855
4	15500	0.7605789303779602
4	16000	0.759966254234314
4	16500	0.7579314708709717
4	17000	0.756922721862793
4	17500	0.8447449803352356
4	18000	0.8067785501480103
4	18500	0.7925458550453186
4	19000	0.78276526927948
4	19500	0.7758264541625977
4	20000	0.7718955874443054
4	20500	0.831946849822998
4	21000	0.7924860119819641
4	21500	0.7792598009109497
4	22000	0.7733277082443237
4	22500	0.7690236568450928
4	23000	0.7638677358627319
4	23500	0.7910847067832947
4	24000	0.7746161222457886
4	24500	0.7666529417037964
4	25000	0.7618682384490967
4	25500	0.7594944834709167
4	26000	0.7571640610694885
5	0	0.9472852945327759
5	500	0.9077803492546082
5	1000	0.8138374090194702
5	1500	0.8681594133377075
5	2000	0.8732205629348755
5	2500	0.8328999280929565
5	3000	0.7947129011154175
5	3500	0.8151586651802063
5	4000	0.8118197321891785
5	4500	0.8110865354537964
5	5000	0.9690195918083191
5	5500	0.8522235155105591
5	6000	0.8596110343933105
5	6500	0.8297656178474426
5	7000	0.8216854929924011
5	7500	0.7999491691589355
5	8000	0.7973491549491882
5	8500	0.7858500480651855
5	9000	0.8108657002449036
5	9500	0.8234003186225891
5	10000	0.829914391040802
5	10500	0.8193985819816589
5	11000	0.9259530305862427
5	11500	0.8672582507133484
5	12000	0.7877788543701172
5	12500	0.7692772150039673
5	13000	0.801296055316925
5	13500	0.7836192846298218
5	14000	0.890317440032959
5	14500	0.7603530287742615
5	15000	0.7592964768409729
5	15500	0.7570659518241882
5	16000	0.7568610310554504
5	16500	0.7553569078445435
5	17000	0.754666805267334
5	17500	0.8200716972351074
5	18000	0.7953141331672668
5	18500	0.7854148149490356
5	19000	0.7777959108352661
5	19500	0.7720914483070374
5	20000	0.7689315676689148
5	20500	0.8104276657104492
5	21000	0.7834439277648926
5	21500	0.7737982869148254
5	22000	0.7695056796073914
5	22500	0.7661327123641968
5	23000	0.761605978012085
5	23500	0.7798014879226685
5	24000	0.7688707113265991
5	24500	0.7630970478057861
5	25000	0.7593424320220947
5	25500	0.7575151324272156
5	26000	0.7555367350578308
6	0	0.9320424199104309
6	500	0.8882571458816528
6	1000	0.8024853467941284
6	1500	0.8582345247268677
6	2000	0.8669204711914062
6	2500	0.8251361846923828
6	3000	0.7882480621337891
6	3500	0.8067814707756042
6	4000	0.8046121597290039
6	4500	0.7997003793716431
6	5000	0.9587863087654114
6	5500	0.8389371633529663
6	6000	0.8518177270889282
6	6500	0.8163810968399048
6	7000	0.8106783628463745
6	7500	0.7932880520820618
6	8000	0.7898693680763245
6	8500	0.7793310880661011
6	9000	0.8027611970901489
6	9500	0.8170437812805176
6	10000	0.8236021995544434
6	10500	0.8130512237548828
6	11000	0.9175891876220703
6	11500	0.859815239906311
6	12000	0.7815380096435547
6	12500	0.7645865678787231
6	13000	0.7950992584228516
6	13500	0.7785606980323792
6	14000	0.8803750276565552
6	14500	0.7571048140525818
6	15000	0.7564899325370789
6	15500	0.7547786831855774
6	16000	0.7547681927680969
6	16500	0.7535847425460815
6	17000	0.753078818321228
6	17500	0.8045705556869507
6	18000	0.7871814370155334
6	18500	0.7800402641296387
6	19000	0.7739424109458923
6	19500	0.7691580653190613
6	20000	0.7665687799453735
6	20500	0.7971432209014893
6	21000	0.7772004008293152
6	21500	0.769816517829895
6	22000	0.7666165828704834
6	22500	0.7639020681381226
6	23000	0.759863018989563
6	23500	0.7729477882385254
6	24000	0.7650616765022278
6	24500	0.7606185674667358
6	25000	0.7575398683547974
6	25500	0.7560808658599854
6	26000	0.7543529272079468
7	0	0.921076774597168
7	500	0.8728580474853516
7	1000	0.7944946885108948
7	1500	0.8509047627449036
7	2000	0.8620446920394897
7	2500	0.819804310798645
7	3000	0.783626139163971
7	3500	0.8007421493530273
7	4000	0.7995360493659973
7	4500	0.7916863560676575
7	5000	0.9505489468574524
7	5500	0.8287690877914429
7	6000	0.8460062146186829
7	6500	0.806155800819397
7	7000	0.8024331331253052
7	7500	0.7884414792060852
7	8000	0.7845694422721863
7	8500	0.7746453881263733
7	9000	0.7967135310173035
7	9500	0.8124456405639648
7	10000	0.818570613861084
7	10500	0.8082373738288879
7	11000	0.9111171960830688
7	11500	0.8541176915168762
7	12000	0.7769967317581177
7	12500	0.7612983584403992
7	13000	0.7903850078582764
7	13500	0.7747580409049988
7	14000	0.8724966049194336
7	14500	0.7549355626106262
7	15000	0.7545563578605652
7	15500	0.7531682252883911
7	16000	0.753259539604187
7	16500	0.7522880434989929
7	17000	0.7518983483314514
7	17500	0.7941693067550659
7	18000	0.7812180519104004
7	18500	0.7758966088294983
7	19000	0.7708918452262878
7	19500	0.7668028473854065
7	20000	0.7646437883377075
7	20500	0.7882777452468872
7	21000	0.7726686596870422
7	21500	0.766792893409729
7	22000	0.7643518447875977
7	22500	0.7621200084686279
7	23000	0.7584683895111084
7	23500	0.7683506608009338
7	24000	0.7623274326324463
7	24500	0.7587683200836182
7	25000	0.7561678290367126
7	25500	0.7549744844436646
7	26000	0.7534363865852356
8	0	0.9127337336540222
8	500	0.8601463437080383
8	1000	0.7884984016418457
8	1500	0.8451672792434692
8	2000	0.8580030202865601
8	2500	0.8158868551254272
8	3000	0.7801097631454468
8	3500	0.7961395978927612
8	4000	0.795691728591919
8	4500	0.7857561111450195
8	5000	0.9437370300292969
8	5500	0.8207679986953735
8	6000	0.8414894342422485
8	6500	0.7981671690940857
8	7000	0.7960546016693115
8	7500	0.7847590446472168
8	8000	0.7805859446525574
8	8500	0.7711389064788818
8	9000	0.7920156121253967
8	9500	0.808952808380127
8	10000	0.8144373893737793
8	10500	0.8043779134750366
8	11000	0.9059316515922546
8	11500	0.8495159149169922
8	12000	0.7735401391983032
8	12500	0.7588884830474854
8	13000	0.7866410613059998
8	13500	0.7717896103858948
8	14000	0.8661227226257324
8	14500	0.7533788681030273
8	15000	0.7531388998031616
8	15500	0.751970112323761
8	16000	0.7521175742149353
8	16500	0.7512955665588379
8	17000	0.7509843111038208
8	17500	0.7867960929870605
8	18000	0.7766995429992676
8	18500	0.7726255059242249
8	19000	0.7684272527694702
8	19500	0.7648741006851196
8	20000	0.7630460262298584
8	20500	0.7819949984550476
8	21000	0.7692470550537109
8	21500	0.7644230723381042
8	22000	0.7625274658203125
8	22500	0.7606593370437622
8	23000	0.7573221325874329
8	23500	0.7650651931762695
8	24000	0.7602662444114685
8	24500	0.7573281526565552
8	25000	0.7550820112228394
8	25500	0.7540879845619202
8	26000	0.7526993155479431
9	0	0.9060867428779602
9	500	0.8493577837944031
9	1000	0.7838074564933777
9	1500	0.8404989242553711
9	2000	0.854486346244812
9	2500	0.812865138053894
9	3000	0.777316689491272
9	3500	0.7924884557723999
9	4000	0.7926253080368042
9	4500	0.7811918258666992
9	5000	0.9379894137382507
9	5500	0.8143303990364075
9	6000	0.837873637676239
9	6500	0.7917983531951904
9	7000	0.7909889817237854
9	7500	0.7818593978881836
9	8000	0.777458131313324
9	8500	0.7684274315834045
9	9000	0.7882556915283203
9	9500	0.8062012791633606
9	10000	0.8109642863273621
9	10500	0.8011641502380371
9	11000	0.9016551971435547
9	11500	0.8456549644470215
9	12000	0.7708190083503723
9	12500	0.7570578455924988
9	13000	0.7835623621940613
9	13500	0.7694038152694702
9	14000	0.860870361328125
9	14500	0.7522045373916626
9	15000	0.7520528435707092
9	15500	0.7510420680046082
9	16000	0.7512214779853821
9	16500	0.7505102753639221
9	17000	0.7502545118331909
9	17500	0.7813329696655273
9	18000	0.7731760144233704
9	18500	0.769987165927887
9	19000	0.7663992047309875
9	19500	0.7632672786712646
9	20000	0.7616987228393555
9	20500	0.7773293256759644
9	21000	0.7665795087814331
9	21500	0.762518048286438
9	22000	0.7610257267951965
9	22500	0.759438157081604
9	23000	0.7563605308532715
9	23500	0.7626067399978638
9	24000	0.7586569786071777
9	24500	0.7561735510826111
9	25000	0.7541987299919128
9	25500	0.7533589005470276
9	26000	0.7520905137062073
10	0	0.9005842208862305
10	500	0.8400416374206543
10	1000	0.7800309062004089
10	1500	0.8365948796272278
10	2000	0.8513184785842896
10	2500	0.8104478120803833
10	3000	0.7750266790390015
10	3500	0.7895029783248901
10	4000	0.7900840044021606
10	4500	0.7775676250457764
10	5000	0.933066725730896
10	5500	0.8090518712997437
10	6000	0.8349140882492065
10	6500	0.7866264581680298
10	7000	0.78687584400177
10	7500	0.779507040977478
10	8000	0.7749196290969849
10	8500	0.7662729024887085
10	9000	0.7851772904396057
10	9500	0.8039714097976685
10	10000	0.8079926371574402
10	10500	0.7984158396720886
10	11000	0.898044228553772
10	11500	0.8423258662223816
10	12000	0.7686201333999634
10	12500	0.7556260824203491
10	13000	0.78095942735672
10	13500	0.7674407958984375
10	14000	0.8564714193344116
10	14500	0.7512856125831604
10	15000	0.7511926293373108
10	15500	0.7503010034561157
10	16000	0.7504984736442566
10	16500	0.7498725056648254
10	17000	0.7496576309204102
10	17500	0.7771379947662354
10	18000	0.7703591585159302
10	18500	0.7678181529045105
10	19000	0.7647029757499695
10	19500	0.7619084715843201
10	20000	0.7605471014976501
10	20500	0.7737345695495605
10	21000	0.7644444704055786
10	21500	0.7609540224075317
10	22000	0.7597674131393433
10	22500	0.7584006190299988
10	23000	0.7555407285690308
10	23500	0.7607010006904602
10	24000	0.7573655843734741
10	24500	0.7552262544631958
10	25000	0.7534648180007935
10	25500	0.7527469992637634
10	26000	0.7515776753425598

t	e	s	t	_	l	o	s	s
0	0.1414517943432789
26279	0.142139337078625
52558	0.14265873147951846
78837	0.14298799801083326
105116	0.14321257570721455
131395	0.14337312501524194
157674	0.14349108150200077
183953	0.143578876091155
210232	0.14364440480604868
236511	0.1436929625654326
