t	r	a	i	n	_	l	o	s	s
1	0	1.4119147062301636
1	500	1.3137205839157104
1	1000	1.2663816213607788
1	1500	1.262878656387329
1	2000	1.2200489044189453
1	2500	1.1743453741073608
1	3000	1.1159155368804932
1	3500	1.1278507709503174
1	4000	1.1219149827957153
1	4500	1.0651918649673462
1	5000	1.1268084049224854
1	5500	1.108551263809204
1	6000	1.0595309734344482
1	6500	1.0440819263458252
1	7000	1.02023446559906
1	7500	0.9919371604919434
1	8000	1.0012531280517578
1	8500	0.9722211956977844
1	9000	1.0051243305206299
1	9500	1.0107823610305786
1	10000	0.9779351949691772
1	10500	0.9807817339897156
1	11000	1.009541630744934
1	11500	0.9933604001998901
1	12000	0.91834956407547
1	12500	0.8935235142707825
1	13000	0.9238408207893372
1	13500	0.8922582864761353
1	14000	0.9935752153396606
1	14500	0.9622416496276855
1	15000	0.9569280743598938
1	15500	0.9058188199996948
1	16000	0.8674594759941101
1	16500	0.842778205871582
1	17000	1.094001054763794
1	17500	0.9685961008071899
1	18000	0.8484500050544739
1	18500	0.8646389842033386
1	19000	0.8507224321365356
1	19500	1.0753377676010132
1	20000	1.0700690746307373
1	20500	1.0098735094070435
1	21000	0.9030184745788574
1	21500	0.9333028793334961
1	22000	1.1666414737701416
1	22500	1.02595853805542
1	23000	1.011126160621643
1	23500	0.9195228815078735
1	24000	0.9129358530044556
2	0	0.9333733320236206
2	500	0.9529427289962769
2	1000	0.8566036224365234
2	1500	0.9160643815994263
2	2000	0.8945090174674988
2	2500	0.8712539672851562
2	3000	0.8511576652526855
2	3500	0.9120694994926453
2	4000	0.8930233716964722
2	4500	0.8703959584236145
2	5000	1.0006883144378662
2	5500	0.9270750880241394
2	6000	0.9071832895278931
2	6500	0.8550945520401001
2	7000	0.9028784036636353
2	7500	0.8458899259567261
2	8000	0.854117214679718
2	8500	0.8378877639770508
2	9000	0.868617057800293
2	9500	0.8898813128471375
2	10000	0.882959246635437
2	10500	0.8698092699050903
2	11000	0.9294458627700806
2	11500	0.8873838186264038
2	12000	0.8287330865859985
2	12500	0.7983700037002563
2	13000	0.8523241877555847
2	13500	0.8212234377861023
2	14000	0.9448219537734985
2	14500	0.863673985004425
2	15000	0.9075603485107422
2	15500	0.8633829951286316
2	16000	0.8232489824295044
2	16500	0.8144119381904602
2	17000	0.8948519825935364
2	17500	0.8632944822311401
2	18000	0.7899445295333862
2	18500	0.8312522172927856
2	19000	0.8212114572525024
2	19500	0.9072190523147583
2	20000	0.9368219375610352
2	20500	0.9188196063041687
2	21000	0.839830756187439
2	21500	0.8894060254096985
2	22000	0.9773263931274414
2	22500	0.8998335003852844
2	23000	0.9390625953674316
2	23500	0.8681827783584595
2	24000	0.8632520437240601
3	0	0.8770673871040344
3	500	0.8941681981086731
3	1000	0.8127483129501343
3	1500	0.8695265054702759
3	2000	0.8503597974777222
3	2500	0.8264799118041992
3	3000	0.8114063143730164
3	3500	0.8689705729484558
3	4000	0.84600830078125
3	4500	0.8261416554450989
3	5000	0.9702150225639343
3	5500	0.8780683279037476
3	6000	0.8803458213806152
3	6500	0.8154474496841431
3	7000	0.8650356531143188
3	7500	0.8142291903495789
3	8000	0.8151898384094238
3	8500	0.8055614233016968
3	9000	0.8370011448860168
3	9500	0.860763430595398
3	10000	0.8543211221694946
3	10500	0.840478241443634
3	11000	0.9055728912353516
3	11500	0.8605083227157593
3	12000	0.8028250932693481
3	12500	0.776114821434021
3	13000	0.8256639242172241
3	13500	0.7975867986679077
3	14000	0.9201956987380981
3	14500	0.8275980949401855
3	15000	0.8877264857292175
3	15500	0.8460569381713867
3	16000	0.8049283027648926
3	16500	0.8004288673400879
3	17000	0.8525182604789734
3	17500	0.8321825861930847
3	18000	0.7737926840782166
3	18500	0.8189491033554077
3	19000	0.8102421760559082
3	19500	0.8593890070915222
3	20000	0.8940322995185852
3	20500	0.8861686587333679
3	21000	0.8163833618164062
3	21500	0.871471107006073
3	22000	0.9142475128173828
3	22500	0.8588422536849976
3	23000	0.9132363200187683
3	23500	0.8491566777229309
3	24000	0.8412928581237793
4	0	0.8520761728286743
4	500	0.8650076985359192
4	1000	0.7950410842895508
4	1500	0.8485862612724304
4	2000	0.8310867547988892
4	2500	0.8077951669692993
4	3000	0.7940194010734558
4	3500	0.8478347063064575
4	4000	0.8246244192123413
4	4500	0.8056482076644897
4	5000	0.9528721570968628
4	5500	0.851915180683136
4	6000	0.8689306378364563
4	6500	0.7972257137298584
4	7000	0.8449252247810364
4	7500	0.7996872663497925
4	8000	0.7967995405197144
4	8500	0.7906175851821899
4	9000	0.8222640752792358
4	9500	0.8469752073287964
4	10000	0.8386839032173157
4	10500	0.8261343240737915
4	11000	0.8926413655281067
4	11500	0.847265899181366
4	12000	0.7898620367050171
4	12500	0.7664060592651367
4	13000	0.8111745715141296
4	13500	0.7852728962898254
4	14000	0.9047644734382629
4	14500	0.809284508228302
4	15000	0.8767784237861633
4	15500	0.8365325927734375
4	16000	0.7945559024810791
4	16500	0.7918066382408142
4	17000	0.8328273892402649
4	17500	0.8159729838371277
4	18000	0.7661066055297852
4	18500	0.8119977712631226
4	19000	0.8043251037597656
4	19500	0.8353729248046875
4	20000	0.8711522817611694
4	20500	0.8682640194892883
4	21000	0.8035486936569214
4	21500	0.8611721992492676
4	22000	0.8806372880935669
4	22500	0.8370930552482605
4	23000	0.8992538452148438
4	23500	0.8388778567314148
4	24000	0.8279121518135071
5	0	0.8372271656990051
5	500	0.8467906713485718
5	1000	0.7852180600166321
5	1500	0.8361835479736328
5	2000	0.8198920488357544
5	2500	0.7975022792816162
5	3000	0.7842641472816467
5	3500	0.8349319696426392
5	4000	0.8123261332511902
5	4500	0.793768048286438
5	5000	0.9412810206413269
5	5500	0.8351999521255493
5	6000	0.8625189065933228
5	6500	0.7866416573524475
5	7000	0.8322141766548157
5	7500	0.7911661863327026
5	8000	0.7861394882202148
5	8500	0.7819601893424988
5	9000	0.8135955929756165
5	9500	0.8387109041213989
5	10000	0.8284041285514832
5	10500	0.8173445463180542
5	11000	0.8840397000312805
5	11500	0.8389874696731567
5	12000	0.781918466091156
5	12500	0.7610378861427307
5	13000	0.8018113970756531
5	13500	0.7776279449462891
5	14000	0.8939290046691895
5	14500	0.7981632947921753
5	15000	0.8696576952934265
5	15500	0.8303779363632202
5	16000	0.7877450585365295
5	16500	0.7858172655105591
5	17000	0.8210581541061401
5	17500	0.8057131767272949
5	18000	0.7615934610366821
5	18500	0.8074288368225098
5	19000	0.8005943298339844
5	19500	0.8205341100692749
5	20000	0.8563782572746277
5	20500	0.8565695881843567
5	21000	0.7952501773834229
5	21500	0.8542925119400024
5	22000	0.8591495752334595
5	22500	0.8230718374252319
5	23000	0.8903131484985352
5	23500	0.8323667645454407
5	24000	0.8185694813728333
6	0	0.8271554112434387
6	500	0.8340392112731934
6	1000	0.7788764238357544
6	1500	0.8277780413627625
6	2000	0.8124111890792847
6	2500	0.7909526228904724
6	3000	0.7780200839042664
6	3500	0.8261078000068665
6	4000	0.8042958378791809
6	4500	0.7859772443771362
6	5000	0.9329854846000671
6	5500	0.8234835863113403
6	6000	0.8583564758300781
6	6500	0.7796835899353027
6	7000	0.8233839869499207
6	7500	0.7854967713356018
6	8000	0.7792137265205383
6	8500	0.7762836813926697
6	9000	0.8078462481498718
6	9500	0.8331050872802734
6	10000	0.8209635019302368
6	10500	0.8112561106681824
6	11000	0.8777111172676086
6	11500	0.8331295847892761
6	12000	0.7764875292778015
6	12500	0.7576582431793213
6	13000	0.7951356172561646
6	13500	0.7724028825759888
6	14000	0.8857633471488953
6	14500	0.7906433939933777
6	15000	0.8645607829093933
6	15500	0.82598876953125
6	16000	0.7828687429428101
6	16500	0.7813495397567749
6	17000	0.8130402565002441
6	17500	0.7985079884529114
6	18000	0.7586184740066528
6	18500	0.8041671514511108
6	19000	0.7980214953422546
6	19500	0.8102723956108093
6	20000	0.8458483815193176
6	20500	0.8481529355049133
6	21000	0.7893608212471008
6	21500	0.8492819666862488
6	22000	0.8440216779708862
6	22500	0.8130601048469543
6	23000	0.8840471506118774
6	23500	0.8278487324714661
6	24000	0.8115389943122864
7	0	0.8197816014289856
7	500	0.8245061039924622
7	1000	0.7744020223617554
7	1500	0.8216049075126648
7	2000	0.8069723844528198
7	2500	0.7863953113555908
7	3000	0.7736735343933105
7	3500	0.8196256756782532
7	4000	0.7986119389533997
7	4500	0.780451238155365
7	5000	0.9267911911010742
7	5500	0.8147823214530945
7	6000	0.8554007411003113
7	6500	0.7747389078140259
7	7000	0.8168706893920898
7	7500	0.7814158201217651
7	8000	0.7743676900863647
7	8500	0.7722557783126831
7	9000	0.8037407994270325
7	9500	0.8290005922317505
7	10000	0.8152558207511902
7	10500	0.8067018389701843
7	11000	0.8727703094482422
7	11500	0.8286633491516113
7	12000	0.7725101709365845
7	12500	0.7553466558456421
7	13000	0.7900747060775757
7	13500	0.7686039805412292
7	14000	0.879308819770813
7	14500	0.7851876020431519
7	15000	0.8606828451156616
7	15500	0.8226483464241028
7	16000	0.7791740298271179
7	16500	0.777856707572937
7	17000	0.807116687297821
7	17500	0.7931073904037476
7	18000	0.7565075755119324
7	18500	0.8017107248306274
7	19000	0.7961395978927612
7	19500	0.802656352519989
7	20000	0.8378695249557495
7	20500	0.8417061567306519
7	21000	0.7849239706993103
7	21500	0.8454206585884094
7	22000	0.83271324634552
7	22500	0.8054524660110474
7	23000	0.8793891072273254
7	23500	0.8245161175727844
7	24000	0.8059913516044617
8	0	0.8141050338745117
8	500	0.8170684576034546
8	1000	0.7710551023483276
8	1500	0.8168241381645203
8	2000	0.8027883768081665
8	2500	0.7830254435539246
8	3000	0.770465075969696
8	3500	0.8146227598190308
8	4000	0.794357180595398
8	4500	0.7763131260871887
8	5000	0.9220134615898132
8	5500	0.8080514073371887
8	6000	0.8531694412231445
8	6500	0.7710312604904175
8	7000	0.8118600845336914
8	7500	0.7783164978027344
8	8000	0.770793616771698
8	8500	0.7692365646362305
8	9000	0.8006588220596313
8	9500	0.8258343935012817
8	10000	0.8107057809829712
8	10500	0.8031115531921387
8	11000	0.8687599897384644
8	11500	0.825086772441864
8	12000	0.7694568037986755
8	12500	0.7536720633506775
8	13000	0.7860758304595947
8	13500	0.7657179832458496
8	14000	0.8740275502204895
8	14500	0.7810288667678833
8	15000	0.8576065301895142
8	15500	0.8199878931045532
8	16000	0.7762600779533386
8	16500	0.775033175945282
8	17000	0.8024941682815552
8	17500	0.7888740301132202
8	18000	0.7549311518669128
8	18500	0.7997885942459106
8	19000	0.7947045564651489
8	19500	0.7967252135276794
8	20000	0.8315650224685669
8	20500	0.8365497589111328
8	21000	0.7814390063285828
8	21500	0.842322826385498
8	22000	0.8239048719406128
8	22500	0.7994255423545837
8	23000	0.8757802844047546
8	23500	0.8219448924064636
8	24000	0.8014677166938782
9	0	0.8095755577087402
9	500	0.8110886812210083
9	1000	0.7684454917907715
9	1500	0.8129792213439941
9	2000	0.7994363903999329
9	2500	0.780421793460846
9	3000	0.7679922580718994
9	3500	0.8106189966201782
9	4000	0.7910385131835938
9	4500	0.773088812828064
9	5000	0.9182260632514954
9	5500	0.8026817440986633
9	6000	0.8514091372489929
9	6500	0.7681401371955872
9	7000	0.8078809976577759
9	7500	0.7758690118789673
9	8000	0.7680513262748718
9	8500	0.7668806314468384
9	9000	0.7982595562934875
9	9500	0.8232979774475098
9	10000	0.8069779276847839
9	10500	0.8001722097396851
9	11000	0.86541348695755
9	11500	0.8221217393875122
9	12000	0.7670305967330933
9	12500	0.7524060010910034
9	13000	0.7828203439712524
9	13500	0.7634518146514893
9	14000	0.869592547416687
9	14500	0.7777408361434937
9	15000	0.8550907969474792
9	15500	0.8177973628044128
9	16000	0.7738919258117676
9	16500	0.7726930379867554
9	17000	0.7987431287765503
9	17500	0.7854453921318054
9	18000	0.7537086606025696
9	18500	0.7982405424118042
9	19000	0.7935755848884583
9	19500	0.7919427156448364
9	20000	0.8264284133911133
9	20500	0.8322917222976685
9	21000	0.7786158919334412
9	21500	0.8397615551948547
9	22000	0.8168337941169739
9	22500	0.794506311416626
9	23000	0.8728971481323242
9	23500	0.8198907971382141
9	24000	0.7976890802383423
10	0	0.8058629035949707
10	500	0.8061704635620117
10	1000	0.7663466930389404
10	1500	0.8097991943359375
10	2000	0.7966678738594055
10	2500	0.778342604637146
10	3000	0.7660220861434937
10	3500	0.8073248863220215
10	4000	0.7883670330047607
10	4500	0.7704993486404419
10	5000	0.9151517748832703
10	5500	0.798292338848114
10	6000	0.8499735593795776
10	6500	0.7658175826072693
10	7000	0.8046408891677856
10	7500	0.7738782167434692
10	8000	0.7658815979957581
10	8500	0.7649849653244019
10	9000	0.7963401079177856
10	9500	0.8212070465087891
10	10000	0.8038603663444519
10	10500	0.7976967692375183
10	11000	0.8625631332397461
10	11500	0.8196013569831848
10	12000	0.7650519013404846
10	12500	0.7514172196388245
10	13000	0.7801092267036438
10	13500	0.761625349521637
10	14000	0.8657911419868469
10	14500	0.7750670313835144
10	15000	0.8529852032661438
10	15500	0.8159473538398743
10	16000	0.7719221711158752
10	16500	0.7707151174545288
10	17000	0.7956094145774841
10	17500	0.7825982570648193
10	18000	0.7527327537536621
10	18500	0.7969647645950317
10	19000	0.7926656007766724
10	19500	0.7879849672317505
10	20000	0.8221442103385925
10	20500	0.82868891954422
10	21000	0.7762743234634399
10	21500	0.8375931978225708
10	22000	0.8110249638557434
10	22500	0.7904002666473389
10	23000	0.870538055896759
10	23500	0.8182029724121094
10	24000	0.7944737672805786

t	e	s	t	_	l	o	s	s
0	0.13505216476406745
24279	0.13424605052202743
48558	0.133942122122573
72837	0.13380642200411025
97116	0.13374677420188785
121395	0.1337271088532791
145674	0.13373034158289826
169953	0.1337473821297913
194232	0.13377298653520495
218511	0.13380389559611053
