t	r	a	i	n	_	l	o	s	s
1	0	1.3900017738342285
1	500	1.1586638689041138
1	1000	1.0775271654129028
1	1500	0.9858185648918152
1	2000	0.9401901364326477
1	2500	0.8950099945068359
1	3000	0.901504397392273
1	3500	0.8631747364997864
1	4000	0.8831378817558289
1	4500	0.872301459312439
1	5000	0.8506901860237122
1	5500	0.8308984041213989
1	6000	1.470267653465271
1	6500	1.100103497505188
1	7000	1.000124216079712
1	7500	0.8959293365478516
1	8000	0.8600159883499146
1	8500	0.8788203001022339
1	9000	0.8339425325393677
1	9500	0.8060026168823242
1	10000	0.7843588590621948
1	10500	0.8093969225883484
1	11000	0.7742934226989746
1	11500	0.7843273878097534
1	12000	1.5903103351593018
1	12500	1.4068763256072998
1	13000	1.2916512489318848
1	13500	1.0986555814743042
1	14000	1.0033717155456543
1	14500	0.9907782673835754
1	15000	0.9238783121109009
1	15500	0.8987410664558411
1	16000	0.9054338335990906
1	16500	0.945294976234436
1	17000	0.8266476392745972
1	17500	0.8380080461502075
1	18000	1.519518494606018
1	18500	1.420477032661438
1	19000	1.2715154886245728
1	19500	1.0679985284805298
1	20000	0.9171788096427917
1	20500	0.9996477961540222
1	21000	0.9363948702812195
1	21500	0.9204365611076355
1	22000	0.888996422290802
1	22500	0.8713667988777161
1	23000	0.878289520740509
1	23500	0.8445838093757629
2	0	0.9224526286125183
2	500	0.8796694874763489
2	1000	0.9381366968154907
2	1500	0.8829043507575989
2	2000	0.8505455851554871
2	2500	0.8271783590316772
2	3000	0.8528938293457031
2	3500	0.8332206010818481
2	4000	0.8700817823410034
2	4500	0.8664611577987671
2	5000	0.8328006863594055
2	5500	0.8003727197647095
2	6000	0.9423527717590332
2	6500	0.8890836834907532
2	7000	0.8676818013191223
2	7500	0.8156824111938477
2	8000	0.8053464889526367
2	8500	0.839076042175293
2	9000	0.8168286085128784
2	9500	0.7832512259483337
2	10000	0.771492063999176
2	10500	0.7930546998977661
2	11000	0.7684817910194397
2	11500	0.7748998403549194
2	12000	0.9508194923400879
2	12500	1.0255030393600464
2	13000	1.0467108488082886
2	13500	0.9450255632400513
2	14000	0.8614066243171692
2	14500	0.9126790165901184
2	15000	0.8395716547966003
2	15500	0.8239463567733765
2	16000	0.8400985598564148
2	16500	0.9058855175971985
2	17000	0.7863394618034363
2	17500	0.8070908784866333
2	18000	0.912456214427948
2	18500	1.0210644006729126
2	19000	0.9730557203292847
2	19500	0.8428963422775269
2	20000	0.7974454164505005
2	20500	0.8576878309249878
2	21000	0.8453347086906433
2	21500	0.8428202867507935
2	22000	0.825323224067688
2	22500	0.8219359517097473
2	23000	0.8223024606704712
2	23500	0.8040865659713745
3	0	0.8388681411743164
3	500	0.8198442459106445
3	1000	0.8934345245361328
3	1500	0.8519256711006165
3	2000	0.8206389546394348
3	2500	0.8025677800178528
3	3000	0.8252614736557007
3	3500	0.8155387043952942
3	4000	0.8638015985488892
3	4500	0.8531326055526733
3	5000	0.8215258717536926
3	5500	0.7872669100761414
3	6000	0.8696560859680176
3	6500	0.8428780436515808
3	7000	0.8364763259887695
3	7500	0.7893304228782654
3	8000	0.7851476073265076
3	8500	0.8150540590286255
3	9000	0.8105416297912598
3	9500	0.7755810618400574
3	10000	0.768255352973938
3	10500	0.7830175161361694
3	11000	0.7667210698127747
3	11500	0.771265983581543
3	12000	0.8640320897102356
3	12500	0.9501180648803711
3	13000	1.0043234825134277
3	13500	0.9075714945793152
3	14000	0.824478030204773
3	14500	0.8891929388046265
3	15000	0.8112813830375671
3	15500	0.7986032962799072
3	16000	0.8126884698867798
3	16500	0.8877879977226257
3	17000	0.7727235555648804
3	17500	0.7958729863166809
3	18000	0.8401118516921997
3	18500	0.9388543367385864
3	19000	0.9194381833076477
3	19500	0.805685818195343
3	20000	0.7807577252388
3	20500	0.8254076242446899
3	21000	0.8218718767166138
3	21500	0.8218994140625
3	22000	0.807594895362854
3	22500	0.8075177073478699
3	23000	0.8027216196060181
3	23500	0.7902854681015015
4	0	0.807555079460144
4	500	0.7960480451583862
4	1000	0.870224118232727
4	1500	0.835506796836853
4	2000	0.8065168261528015
4	2500	0.7897063493728638
4	3000	0.8090460896492004
4	3500	0.8041286468505859
4	4000	0.8592394590377808
4	4500	0.8438728451728821
4	5000	0.8141117095947266
4	5500	0.7795343399047852
4	6000	0.8440688848495483
4	6500	0.8238121271133423
4	7000	0.8199993371963501
4	7500	0.7764893770217896
4	8000	0.7743625640869141
4	8500	0.8011639714241028
4	9000	0.8052166104316711
4	9500	0.7709867358207703
4	10000	0.7658208608627319
4	10500	0.7765654921531677
4	11000	0.7654377222061157
4	11500	0.7685778141021729
4	12000	0.830802321434021
4	12500	0.9133980870246887
4	13000	0.984326958656311
4	13500	0.8887373805046082
4	14000	0.8060433268547058
4	14500	0.8755623698234558
4	15000	0.7964156866073608
4	15500	0.7854105234146118
4	16000	0.7973061800003052
4	16500	0.8761180639266968
4	17000	0.7657045125961304
4	17500	0.7891582250595093
4	18000	0.8139504194259644
4	18500	0.9003461003303528
4	19000	0.8962118029594421
4	19500	0.7902334928512573
4	20000	0.7751601934432983
4	20500	0.8098373413085938
4	21000	0.810080885887146
4	21500	0.8112765550613403
4	22000	0.7987483739852905
4	22500	0.8000998497009277
4	23000	0.7923970818519592
4	23500	0.7828477025032043
5	0	0.7918099164962769
5	500	0.7838840484619141
5	1000	0.8558803796768188
5	1500	0.8248790502548218
5	2000	0.7981879115104675
5	2500	0.7817517518997192
5	3000	0.7985095977783203
5	3500	0.7963422536849976
5	4000	0.8559586405754089
5	4500	0.8371524810791016
5	5000	0.808911144733429
5	5500	0.7744234204292297
5	6000	0.8311327695846558
5	6500	0.8137208819389343
5	7000	0.8099891543388367
5	7500	0.7692168951034546
5	8000	0.767852783203125
5	8500	0.7925212979316711
5	9000	0.8010967373847961
5	9500	0.7678261399269104
5	10000	0.7639323472976685
5	10500	0.7721139788627625
5	11000	0.7644725441932678
5	11500	0.7664986848831177
5	12000	0.8129952549934387
5	12500	0.8910877108573914
5	13000	0.9723955988883972
5	13500	0.8769859075546265
5	14000	0.7949093580245972
5	14500	0.866536021232605
5	15000	0.7873492240905762
5	15500	0.7772840261459351
5	16000	0.7876029014587402
5	16500	0.8679527044296265
5	17000	0.7613869309425354
5	17500	0.7845048308372498
5	18000	0.8003267049789429
5	18500	0.8773899078369141
5	19000	0.882918655872345
5	19500	0.7815356850624084
5	20000	0.7725551128387451
5	20500	0.8003109097480774
5	21000	0.802721381187439
5	21500	0.8044659495353699
5	22000	0.7931958436965942
5	22500	0.7953592538833618
5	23000	0.7859274744987488
5	23500	0.7780026793479919
6	0	0.7824391722679138
6	500	0.7766238451004028
6	1000	0.8459885716438293
6	1500	0.8172794580459595
6	2000	0.792624831199646
6	2500	0.7763159871101379
6	3000	0.7911249995231628
6	3500	0.7907128930091858
6	4000	0.8535228967666626
6	4500	0.8320420384407043
6	5000	0.8050783276557922
6	5500	0.7707774639129639
6	6000	0.8231548070907593
6	6500	0.8074057698249817
6	7000	0.8031744956970215
6	7500	0.7645924091339111
6	8000	0.7635245323181152
6	8500	0.7866631746292114
6	9000	0.7978309392929077
6	9500	0.7654767036437988
6	10000	0.7624064683914185
6	10500	0.768832266330719
6	11000	0.7637003660202026
6	11500	0.7648463845252991
6	12000	0.8016508221626282
6	12500	0.875806987285614
6	13000	0.9642504453659058
6	13500	0.868693470954895
6	14000	0.787395179271698
6	14500	0.8600825071334839
6	15000	0.7812585830688477
6	15500	0.7717510461807251
6	16000	0.7809672355651855
6	16500	0.8619198799133301
6	17000	0.7584470510482788
6	17500	0.7810190916061401
6	18000	0.7918779850006104
6	18500	0.86195307970047
6	19000	0.8741747140884399
6	19500	0.7758633494377136
6	20000	0.7711135149002075
6	20500	0.793782114982605
6	21000	0.797598659992218
6	21500	0.7995659112930298
6	22000	0.7892652750015259
6	22500	0.7919731140136719
6	23000	0.7814564108848572
6	23500	0.7745053768157959
7	0	0.7762442231178284
7	500	0.7718275785446167
7	1000	0.8386563062667847
7	1500	0.8115007281303406
7	2000	0.7886059880256653
7	2500	0.7723466157913208
7	3000	0.7856541872024536
7	3500	0.7864506840705872
7	4000	0.8516494035720825
7	4500	0.8279991149902344
7	5000	0.802137553691864
7	5500	0.768033504486084
7	6000	0.8176310658454895
7	6500	0.8030059933662415
7	7000	0.7981544733047485
7	7500	0.7614074945449829
7	8000	0.7604469060897827
7	8500	0.7824224829673767
7	9000	0.7951637506484985
7	9500	0.7636387348175049
7	10000	0.7611322999000549
7	10500	0.7662938237190247
7	11000	0.7630541324615479
7	11500	0.7635032534599304
7	12000	0.7936651110649109
7	12500	0.8645340800285339
7	13000	0.9582037925720215
7	13500	0.8623687624931335
7	14000	0.7819399237632751
7	14500	0.8552334904670715
7	15000	0.776885986328125
7	15500	0.7677311897277832
7	16000	0.7761589288711548
7	16500	0.8572748303413391
7	17000	0.7563108205795288
7	17500	0.778276264667511
7	18000	0.7860735654830933
7	18500	0.8507572412490845
7	19000	0.8679105043411255
7	19500	0.7718319296836853
7	20000	0.7702252864837646
7	20500	0.7889968156814575
7	21000	0.7937845587730408
7	21500	0.7957953810691833
7	22000	0.786273181438446
7	22500	0.7893843650817871
7	23000	0.7781630158424377
7	23500	0.771815836429596
8	0	0.7718481421470642
8	500	0.7684281468391418
8	1000	0.8329410552978516
8	1500	0.8069160580635071
8	2000	0.7855426669120789
8	2500	0.7693077921867371
8	3000	0.7814298272132874
8	3500	0.7831050157546997
8	4000	0.850163459777832
8	4500	0.8246974945068359
8	5000	0.7998064756393433
8	5500	0.7658857107162476
8	6000	0.8135144114494324
8	6500	0.7997120022773743
8	7000	0.7942444086074829
8	7500	0.7590850591659546
8	8000	0.7581501007080078
8	8500	0.7791965007781982
8	9000	0.7929294109344482
8	9500	0.7621471285820007
8	10000	0.7600417137145996
8	10500	0.764260470867157
8	11000	0.7624967694282532
8	11500	0.7623905539512634
8	12000	0.7876771688461304
8	12500	0.8557875752449036
8	13000	0.9534598588943481
8	13500	0.8572872877120972
8	14000	0.7777705192565918
8	14500	0.8514593243598938
8	15000	0.7735921740531921
8	15500	0.7646753191947937
8	16000	0.7725211381912231
8	16500	0.8535787463188171
8	17000	0.7546871900558472
8	17500	0.7760427594184875
8	18000	0.7818090319633484
8	18500	0.8421986699104309
8	19000	0.863152027130127
8	19500	0.7688008546829224
8	20000	0.7696366310119629
8	20500	0.7853270173072815
8	21000	0.7908095121383667
8	21500	0.7927645444869995
8	22000	0.7838828563690186
8	22500	0.7873119115829468
8	23000	0.7756258845329285
8	23500	0.769657552242279
9	0	0.7685670256614685
9	500	0.7658923268318176
9	1000	0.8283198475837708
9	1500	0.8031627535820007
9	2000	0.7831156253814697
9	2500	0.7668982148170471
9	3000	0.7780629396438599
9	3500	0.780403733253479
9	4000	0.8489553332328796
9	4500	0.8219316601753235
9	5000	0.7979090809822083
9	5500	0.7641535997390747
9	6000	0.810289740562439
9	6500	0.7971183061599731
9	7000	0.7910720109939575
9	7500	0.7573180794715881
9	8000	0.7563730478286743
9	8500	0.7766470909118652
9	9000	0.7910183668136597
9	9500	0.7609034776687622
9	10000	0.7590910196304321
9	10500	0.762588381767273
9	11000	0.7620058655738831
9	11500	0.7614538073539734
9	12000	0.7829896211624146
9	12500	0.8487479090690613
9	13000	0.9495915174484253
9	13500	0.8530527353286743
9	14000	0.7744613289833069
9	14500	0.8484423756599426
9	15000	0.7710191011428833
9	15500	0.7622731328010559
9	16000	0.7696754336357117
9	16500	0.8505581021308899
9	17000	0.753411591053009
9	17500	0.7741775512695312
9	18000	0.7785242795944214
9	18500	0.8353983759880066
9	19000	0.8593792915344238
9	19500	0.7664291858673096
9	20000	0.7692252993583679
9	20500	0.782418429851532
9	21000	0.7884082198143005
9	21500	0.7902527451515198
9	22000	0.7819071412086487
9	22500	0.7855963706970215
9	23000	0.7736049890518188
9	23500	0.7678723335266113
10	0	0.7660235166549683
10	500	0.7639263272285461
10	1000	0.8244777917861938
10	1500	0.8000141382217407
10	2000	0.781135618686676
10	2500	0.7649349570274353
10	3000	0.7753115296363831
10	3500	0.7781721353530884
10	4000	0.8479524850845337
10	4500	0.8195667266845703
10	5000	0.7963306307792664
10	5500	0.7627236843109131
10	6000	0.807671844959259
10	6500	0.7949995398521423
10	7000	0.7884173393249512
10	7500	0.7559288144111633
10	8000	0.754958987236023
10	8500	0.7745710611343384
10	9000	0.7893564105033875
10	9500	0.7598446607589722
10	10000	0.7582507133483887
10	10500	0.761184811592102
10	11000	0.7615669965744019
10	11500	0.7606542706489563
10	12000	0.7792048454284668
10	12500	0.8429229855537415
10	13000	0.9463478922843933
10	13500	0.8494289517402649
10	14000	0.7717583179473877
10	14500	0.8459790349006653
10	15000	0.7689516544342041
10	15500	0.7603358030319214
10	16000	0.7673898935317993
10	16500	0.8480339050292969
10	17000	0.7523833513259888
10	17500	0.772589385509491
10	18000	0.7759040594100952
10	18500	0.8298335075378418
10	19000	0.8562890887260437
10	19500	0.7645174264907837
10	20000	0.7689263224601746
10	20500	0.7800538539886475
10	21000	0.7864181995391846
10	21500	0.7881232500076294
10	22000	0.7802326083183289
10	22500	0.7841397523880005
10	23000	0.7719534039497375
10	23500	0.7663619518280029

t	e	s	t	_	l	o	s	s
0	0.1367906968325179
24000	0.1365859643776159
48000	0.13642184563293624
72000	0.13627021633762923
96000	0.1361343709048846
120000	0.13601376028776696
144000	0.13590666371465518
168000	0.13581124594143157
192000	0.13572578114389583
216000	0.13564886852079144
