t	r	a	i	n	_	l	o	s	s
1	0	1.3694062232971191
1	500	1.1390376091003418
1	1000	1.0338232517242432
1	1500	0.9854456782341003
1	2000	0.9329892992973328
1	2500	1.483538031578064
1	3000	1.0888924598693848
1	3500	0.9123238325119019
1	4000	0.9311946034431458
1	4500	0.8785101771354675
1	5000	1.482085943222046
1	5500	1.2435657978057861
1	6000	1.06727135181427
1	6500	1.0214892625808716
1	7000	0.9757918119430542
1	7500	1.532512903213501
1	8000	1.183052659034729
1	8500	1.1307648420333862
1	9000	1.0381721258163452
1	9500	0.9509984850883484
2	0	1.0265071392059326
2	500	0.9305909276008606
2	1000	0.9116851687431335
2	1500	0.9096234440803528
2	2000	0.8663164377212524
2	2500	0.9056908488273621
2	3000	0.9136611819267273
2	3500	0.8298077583312988
2	4000	0.862284779548645
2	4500	0.834725022315979
2	5000	1.0563690662384033
2	5500	0.962214469909668
2	6000	0.9065545201301575
2	6500	0.9098213911056519
2	7000	0.8794577717781067
2	7500	1.0488665103912354
2	8000	0.8803057670593262
2	8500	0.9319043159484863
2	9000	0.9212567210197449
2	9500	0.8721429109573364
3	0	0.9285743832588196
3	500	0.8644301295280457
3	1000	0.8656810522079468
3	1500	0.8712248802185059
3	2000	0.8345093727111816
3	2500	0.8369079828262329
3	3000	0.8740732073783875
3	3500	0.8082138895988464
3	4000	0.8416446447372437
3	4500	0.8208504915237427
3	5000	0.9560579061508179
3	5500	0.9000795483589172
3	6000	0.8617789149284363
3	6500	0.8751360177993774
3	7000	0.8434597849845886
3	7500	0.9415634870529175
3	8000	0.8213432431221008
3	8500	0.8760280609130859
3	9000	0.8823055028915405
3	9500	0.8434065580368042
4	0	0.8833614587783813
4	500	0.8333271741867065
4	1000	0.8413570523262024
4	1500	0.8489365577697754
4	2000	0.8167628049850464
4	2500	0.8105130195617676
4	3000	0.8525964021682739
4	3500	0.7974226474761963
4	4000	0.8292925953865051
4	4500	0.8131183385848999
4	5000	0.9112138748168945
4	5500	0.8721660375595093
4	6000	0.840716540813446
4	6500	0.857469916343689
4	7000	0.8235635757446289
4	7500	0.8943766355514526
4	8000	0.7974607348442078
4	8500	0.849328875541687
4	9000	0.8624147176742554
4	9500	0.8279827833175659
5	0	0.857225775718689
5	500	0.8154976963996887
5	1000	0.8262944221496582
5	1500	0.8343454599380493
5	2000	0.805524468421936
5	2500	0.7968814969062805
5	3000	0.8390454053878784
5	3500	0.7909824848175049
5	4000	0.8205342292785645
5	4500	0.808032214641571
5	5000	0.8856902122497559
5	5500	0.8564785718917847
5	6000	0.8284232020378113
5	6500	0.8463786840438843
5	7000	0.8107455372810364
5	7500	0.8672493100166321
5	8000	0.7848467826843262
5	8500	0.8332961201667786
5	9000	0.8501104116439819
5	9500	0.8181052207946777
6	0	0.8400672078132629
6	500	0.8039470911026001
6	1000	0.815981388092041
6	1500	0.8239614367485046
6	2000	0.7977409958839417
6	2500	0.7885648012161255
6	3000	0.8296591639518738
6	3500	0.7867119312286377
6	4000	0.8138359785079956
6	4500	0.8043880462646484
6	5000	0.869134247303009
6	5500	0.846479058265686
6	6000	0.8203161358833313
6	6500	0.8385666012763977
6	7000	0.8017358779907227
6	7500	0.8494170904159546
6	8000	0.7771191596984863
6	8500	0.8223810195922852
6	9000	0.8415901064872742
6	9500	0.8111069798469543
7	0	0.8278557062149048
7	500	0.7958351373672485
7	1000	0.8084292411804199
7	1500	0.8161333799362183
7	2000	0.7920024991035461
7	2500	0.7829426527023315
7	3000	0.8227295875549316
7	3500	0.7836765050888062
7	4000	0.8084779977798462
7	4500	0.801629900932312
7	5000	0.857465922832489
7	5500	0.8395565152168274
7	6000	0.8145370483398438
7	6500	0.832659125328064
7	7000	0.7950304746627808
7	7500	0.8367066383361816
7	8000	0.7719171047210693
7	8500	0.8143559694290161
7	9000	0.8352357745170593
7	9500	0.8058155179023743
8	0	0.8186704516410828
8	500	0.7898067235946655
8	1000	0.8026280403137207
8	1500	0.8099813461303711
8	2000	0.7875751256942749
8	2500	0.778870701789856
8	3000	0.8173727989196777
8	3500	0.7814089059829712
8	4000	0.804057240486145
8	4500	0.7994585633277893
8	5000	0.8487606048583984
8	5500	0.8344769477844238
8	6000	0.8101893663406372
8	6500	0.8279742002487183
8	7000	0.7898322343826294
8	7500	0.8271408081054688
8	8000	0.7681806683540344
8	8500	0.8081457018852234
8	9000	0.8302439451217651
8	9500	0.8016294240951538
9	0	0.8114787340164185
9	500	0.7851365804672241
9	1000	0.7980100512504578
9	1500	0.8049923777580261
9	2000	0.784040093421936
9	2500	0.7757726907730103
9	3000	0.8130861520767212
9	3500	0.7796502709388733
9	4000	0.800324559211731
9	4500	0.7976969480514526
9	5000	0.8419917821884155
9	5500	0.8305850028991699
9	6000	0.8067863583564758
9	6500	0.8241308927536011
9	7000	0.7856765389442444
9	7500	0.819654107093811
9	8000	0.7653672099113464
9	8500	0.8031619787216187
9	9000	0.826169490814209
9	9500	0.7982063293457031
10	0	0.8056745529174805
10	500	0.7814018726348877
10	1000	0.794231116771698
10	1500	0.8008466958999634
10	2000	0.7811411619186401
10	2500	0.7733270525932312
10	3000	0.8095628023147583
10	3500	0.7782459855079651
10	4000	0.7971163988113403
10	4500	0.7962336540222168
10	5000	0.8365615010261536
10	5500	0.8275025486946106
10	6000	0.8040406107902527
10	6500	0.8208972215652466
10	7000	0.7822731137275696
10	7500	0.8136184811592102
10	8000	0.7631717920303345
10	8500	0.7990528345108032
10	9000	0.8227455019950867
10	9500	0.7953352928161621

t	e	s	t	_	l	o	s	s
0	0.13526247408216363
10000	0.13422921774929458
20000	0.13367782594352368
30000	0.1332816510274184
40000	0.13296933882020692
50000	0.13271244997220324
60000	0.13249567889219876
70000	0.1323094763897902
80000	0.13214731694057288
90000	0.1320045464086217
