t	r	a	i	n	_	l	o	s	s
1	0	1.3791872262954712
1	500	1.3463860750198364
1	1000	1.25941002368927
1	1500	1.2354769706726074
1	2000	1.2225850820541382
1	2500	1.1998542547225952
1	3000	1.133610725402832
1	3500	1.1291884183883667
1	4000	1.123403549194336
1	4500	1.0935598611831665
1	5000	1.1227202415466309
1	5500	1.1343296766281128
1	6000	1.0607517957687378
1	6500	1.049432396888733
1	7000	1.0341041088104248
1	7500	0.9995903968811035
1	8000	1.0122298002243042
1	8500	0.9637049436569214
1	9000	1.0007925033569336
1	9500	1.0107699632644653
1	10000	0.9770320057868958
1	10500	0.9781996607780457
1	11000	1.0023829936981201
1	11500	0.9999998807907104
1	12000	0.9163735508918762
1	12500	0.8938719630241394
1	13000	0.9313253164291382
1	13500	0.8921802639961243
1	14000	0.9967409372329712
2	0	0.9694596529006958
2	500	0.9690666198730469
2	1000	0.8786811828613281
2	1500	0.9279794692993164
2	2000	0.9309255480766296
2	2500	0.9292782545089722
2	3000	0.8806657791137695
2	3500	0.9121876955032349
2	4000	0.907378077507019
2	4500	0.89399254322052
2	5000	0.9623621106147766
2	5500	0.9441383481025696
2	6000	0.9159914255142212
2	6500	0.8912261724472046
2	7000	0.8898693919181824
2	7500	0.8751694560050964
2	8000	0.8750246167182922
2	8500	0.8546754121780396
2	9000	0.8872753977775574
2	9500	0.9205964803695679
2	10000	0.881195068359375
2	10500	0.8899862170219421
2	11000	0.9323261380195618
2	11500	0.9210978746414185
2	12000	0.8371638059616089
2	12500	0.8219102621078491
2	13000	0.8515565991401672
2	13500	0.8266338109970093
2	14000	0.9352198839187622
3	0	0.910582423210144
3	500	0.8950875401496887
3	1000	0.8249847292900085
3	1500	0.8731343150138855
3	2000	0.8796378374099731
3	2500	0.8746474981307983
3	3000	0.8283690214157104
3	3500	0.8622642755508423
3	4000	0.8558428883552551
3	4500	0.8411820530891418
3	5000	0.9201368093490601
3	5500	0.886807918548584
3	6000	0.8770024180412292
3	6500	0.8429892659187317
3	7000	0.843298077583313
3	7500	0.8360233306884766
3	8000	0.8301874399185181
3	8500	0.8206572532653809
3	9000	0.8482803106307983
3	9500	0.8892005681991577
3	10000	0.8478342890739441
3	10500	0.857884407043457
3	11000	0.9065903425216675
3	11500	0.8907087445259094
3	12000	0.8087997436523438
3	12500	0.7955798506736755
3	13000	0.8203694224357605
3	13500	0.8014436960220337
3	14000	0.9063477516174316
4	0	0.8836156725883484
4	500	0.8595303297042847
4	1000	0.8038762211799622
4	1500	0.848388671875
4	2000	0.8565257787704468
4	2500	0.8509039878845215
4	3000	0.8055974245071411
4	3500	0.8388627767562866
4	4000	0.8320949673652649
4	4500	0.8161635398864746
4	5000	0.9003118276596069
4	5500	0.8571351766586304
4	6000	0.8589832186698914
4	6500	0.8190015554428101
4	7000	0.8197482228279114
4	7500	0.8162318468093872
4	8000	0.8084699511528015
4	8500	0.8038031458854675
4	9000	0.8282308578491211
4	9500	0.8729349374771118
4	10000	0.8301597833633423
4	10500	0.840655505657196
4	11000	0.8924661874771118
4	11500	0.8736540079116821
4	12000	0.7941299676895142
4	12500	0.7822521924972534
4	13000	0.8034650087356567
4	13500	0.7879919409751892
4	14000	0.8886755108833313
5	0	0.8668909072875977
5	500	0.8380252718925476
5	1000	0.7924963235855103
5	1500	0.8337661623954773
5	2000	0.8427512049674988
5	2500	0.8375142812728882
5	3000	0.792848527431488
5	3500	0.8250759243965149
5	4000	0.8181371688842773
5	4500	0.8015721440315247
5	5000	0.8888536691665649
5	5500	0.8386198282241821
5	6000	0.8485562205314636
5	6500	0.8045105934143066
5	7000	0.8054965734481812
5	7500	0.8040960431098938
5	8000	0.7957889437675476
5	8500	0.79362952709198
5	9000	0.8158882260322571
5	9500	0.862779974937439
5	10000	0.8189738392829895
5	10500	0.8295679092407227
5	11000	0.8831967115402222
5	11500	0.8623043298721313
5	12000	0.785100519657135
5	12500	0.774307906627655
5	13000	0.7927387952804565
5	13500	0.7796037793159485
5	14000	0.8764222860336304
6	0	0.8550472259521484
6	500	0.823511004447937
6	1000	0.7853153347969055
6	1500	0.8238965272903442
6	2000	0.8333169221878052
6	2500	0.8288319706916809
6	3000	0.7846674919128418
6	3500	0.8158753514289856
6	4000	0.8087970614433289
6	4500	0.7920049428939819
6	5000	0.8814529180526733
6	5500	0.825846791267395
6	6000	0.8417234420776367
6	6500	0.7947532534599304
6	7000	0.795948326587677
6	7500	0.7958081364631653
6	8000	0.7875064611434937
6	8500	0.7867649793624878
6	9000	0.8074563145637512
6	9500	0.8557121157646179
6	10000	0.8111878633499146
6	10500	0.8216599225997925
6	11000	0.8764826655387878
6	11500	0.8539937734603882
6	12000	0.7789545059204102
6	12500	0.7690683603286743
6	13000	0.7852780818939209
6	13500	0.7738739252090454
6	14000	0.8672819137573242
7	0	0.8460513949394226
7	500	0.813036322593689
7	1000	0.7803411483764648
7	1500	0.8166851997375488
7	2000	0.8263160586357117
7	2500	0.8226926922798157
7	3000	0.7789491415023804
7	3500	0.8092293739318848
7	4000	0.8020259737968445
7	4500	0.7852376699447632
7	5000	0.8763242959976196
7	5500	0.816450297832489
7	6000	0.8368822336196899
7	6500	0.7877093553543091
7	7000	0.7891066074371338
7	7500	0.7897440195083618
7	8000	0.7816778421401978
7	8500	0.7817903161048889
7	9000	0.8012935519218445
7	9500	0.8504335284233093
7	10000	0.8054379224777222
7	10500	0.815639853477478
7	11000	0.8713093996047974
7	11500	0.847530722618103
7	12000	0.7744885087013245
7	12500	0.7653658390045166
7	13000	0.7797683477401733
7	13500	0.7697142958641052
7	14000	0.8601256608963013
8	0	0.8389192819595337
8	500	0.8051177263259888
8	1000	0.7766770124435425
8	1500	0.811130702495575
8	2000	0.820849597454071
8	2500	0.8180909156799316
8	3000	0.7747123837471008
8	3500	0.8041583299636841
8	4000	0.7968438267707825
8	4500	0.7801897525787354
8	5000	0.872590184211731
8	5500	0.8092184066772461
8	6000	0.8332639932632446
8	6500	0.7823708057403564
8	7000	0.7839624285697937
8	7500	0.7850894331932068
8	8000	0.7773522138595581
8	8500	0.7780017852783203
8	9000	0.7965714931488037
8	9500	0.8462930917739868
8	10000	0.8010147213935852
8	10500	0.8108466863632202
8	11000	0.8671512603759766
8	11500	0.8422937393188477
8	12000	0.771091103553772
8	12500	0.7626153230667114
8	13000	0.7755239009857178
8	13500	0.7665591835975647
8	14000	0.8543265461921692
9	0	0.833095908164978
9	500	0.798920750617981
9	1000	0.7738580107688904
9	1500	0.806688666343689
9	2000	0.8164287805557251
9	2500	0.814494788646698
9	3000	0.7714382410049438
9	3500	0.8001306653022766
9	4000	0.7927197217941284
9	4500	0.776273787021637
9	5000	0.8697683215141296
9	5500	0.8034616708755493
9	6000	0.8304527997970581
9	6500	0.7781769037246704
9	7000	0.7799510955810547
9	7500	0.7813886404037476
9	8000	0.77401202917099
9	8500	0.7750094532966614
9	9000	0.7928255200386047
9	9500	0.8429271578788757
9	10000	0.797507643699646
9	10500	0.806904673576355
9	11000	0.8637053370475769
9	11500	0.8379225730895996
9	12000	0.768416702747345
9	12500	0.7604933977127075
9	13000	0.7721499800682068
9	13500	0.7640849351882935
9	14000	0.8495046496391296
10	0	0.8282351493835449
10	500	0.7939386367797852
10	1000	0.7716174721717834
10	1500	0.8030344247817993
10	2000	0.812761127948761
10	2500	0.8115960359573364
10	3000	0.7688263654708862
10	3500	0.7968326807022095
10	4000	0.7893397212028503
10	4500	0.7731431722640991
10	5000	0.867573082447052
10	5500	0.7987579107284546
10	6000	0.8282036781311035
10	6500	0.774790346622467
10	7000	0.7767328023910522
10	7500	0.7783659100532532
10	8000	0.7713521122932434
10	8500	0.7725791335105896
10	9000	0.7897735834121704
10	9500	0.8401157259941101
10	10000	0.7946605682373047
10	10500	0.8035818934440613
10	11000	0.8607824444770813
10	11500	0.8341915011405945
10	12000	0.766255259513855
10	12500	0.7588073015213013
10	13000	0.7694019675254822
10	13500	0.762093186378479
10	14000	0.8454144597053528

t	e	s	t	_	l	o	s	s
0	0.13439201506031534
14279	0.13419203376664757
28558	0.13422420788021802
42837	0.1343085730312676
57116	0.13440616207143855
71395	0.1345048651263677
85674	0.1346004514241587
99953	0.13469136250729594
114232	0.13477720961665476
128511	0.13485804925164901
