t	r	a	i	n	_	l	o	s	s
1	0	1.386169195175171
1	500	1.3561322689056396
1	1000	1.2269644737243652
1	1500	1.2571334838867188
1	2000	1.2293068170547485
1	2500	1.1754263639450073
1	3000	1.1137404441833496
1	3500	1.1254794597625732
1	4000	1.1045446395874023
1	4500	1.068357229232788
1	5000	1.1113317012786865
1	5500	1.1088544130325317
1	6000	1.056799054145813
1	6500	1.038153052330017
1	7000	1.017961025238037
1	7500	0.9957860708236694
1	8000	1.004668116569519
1	8500	0.959952712059021
1	9000	1.000698208808899
1	9500	1.0050345659255981
1	10000	0.9672179222106934
1	10500	0.9743684530258179
1	11000	1.0048058032989502
1	11500	0.9871338605880737
1	12000	0.9195602536201477
1	12500	0.8919007182121277
1	13000	0.9230695962905884
1	13500	0.8886052370071411
1	14000	0.9950544238090515
2	0	0.9743736982345581
2	500	0.9637630581855774
2	1000	0.8740525245666504
2	1500	0.9269469976425171
2	2000	0.9337538480758667
2	2500	0.922573447227478
2	3000	0.8757896423339844
2	3500	0.908972442150116
2	4000	0.9028329849243164
2	4500	0.8821937441825867
2	5000	0.9589902758598328
2	5500	0.9363395571708679
2	6000	0.916131854057312
2	6500	0.8882439732551575
2	7000	0.8832618594169617
2	7500	0.874620795249939
2	8000	0.8731483221054077
2	8500	0.8522442579269409
2	9000	0.887158215045929
2	9500	0.9184204339981079
2	10000	0.8757123947143555
2	10500	0.8889815211296082
2	11000	0.9348734617233276
2	11500	0.915316104888916
2	12000	0.8387402296066284
2	12500	0.8205475807189941
2	13000	0.8474127650260925
2	13500	0.8245124816894531
2	14000	0.9334691762924194

t	e	s	t	_	l	o	s	s
0	0.13598590523465054
14279	0.13553717296907708
