t	r	a	i	n	_	l	o	s	s
1	0	1.4194012880325317
1	500	1.373521327972412
1	1000	1.309170126914978
1	1500	1.2868562936782837
1	2000	1.2535512447357178
1	2500	1.1797720193862915
1	3000	1.1465013027191162
1	3500	1.1819329261779785
1	4000	1.1380096673965454
1	4500	1.1113550662994385
1	5000	1.1751277446746826
1	5500	1.143841028213501
1	6000	1.1009392738342285
1	6500	1.0496100187301636
1	7000	1.0493128299713135
1	7500	1.018115758895874
1	8000	1.0110050439834595
1	8500	0.9778779149055481
1	9000	0.9988318681716919
1	9500	1.0116044282913208
1	10000	1.0035176277160645
1	10500	0.9986645579338074
1	11000	1.0059847831726074
1	11500	1.0210163593292236
1	12000	0.9428067207336426
1	12500	0.8940308690071106
1	13000	0.9456302523612976
1	13500	0.9026210904121399
1	14000	1.0212016105651855
2	0	0.9608139991760254
2	500	0.9796682596206665
2	1000	0.8841140866279602
2	1500	0.9329686164855957
2	2000	0.9229174852371216
2	2500	0.9271467924118042
2	3000	0.8887249231338501
2	3500	0.915593147277832
2	4000	0.9115747213363647
2	4500	0.8832661509513855
2	5000	0.9791826009750366
2	5500	0.9653816223144531
2	6000	0.9200316667556763
2	6500	0.8917911648750305
2	7000	0.9001728296279907
2	7500	0.8831769824028015
2	8000	0.8738927841186523
2	8500	0.8606041073799133
2	9000	0.8868991732597351
2	9500	0.9226831197738647
2	10000	0.8920109868049622
2	10500	0.8981029391288757
2	11000	0.9404034614562988
2	11500	0.9288333654403687
2	12000	0.8482391238212585
2	12500	0.8238661885261536
2	13000	0.8592326045036316
2	13500	0.8340574502944946
2	14000	0.9434299468994141
3	0	0.9025824666023254
3	500	0.9034259915351868
3	1000	0.82445228099823
3	1500	0.8775237798690796
3	2000	0.8716144561767578
3	2500	0.8731346130371094
3	3000	0.8343880772590637
3	3500	0.8611375093460083
3	4000	0.8619105219841003
3	4500	0.8355755805969238
3	5000	0.9295642971992493
3	5500	0.9040380716323853
3	6000	0.8739221692085266
3	6500	0.8436545133590698
3	7000	0.8536161184310913
3	7500	0.8422112464904785
3	8000	0.8315784335136414
3	8500	0.8244279623031616
3	9000	0.8483279943466187
3	9500	0.8911536931991577
3	10000	0.8550806045532227
3	10500	0.8618518710136414
3	11000	0.9172863960266113
3	11500	0.8932906985282898
3	12000	0.8151906728744507
3	12500	0.7977209091186523
3	13000	0.8252406120300293
3	13500	0.808252215385437
3	14000	0.9086402654647827
4	0	0.8786207437515259
4	500	0.86644047498703
4	1000	0.8020505905151367
4	1500	0.8523051142692566
4	2000	0.8492188453674316
4	2500	0.8497074842453003
4	3000	0.8110010027885437
4	3500	0.8364078402519226
4	4000	0.8389604687690735
4	4500	0.8129732012748718
4	5000	0.9056276082992554
4	5500	0.8712775111198425
4	6000	0.8530377149581909
4	6500	0.8201414346694946
4	7000	0.8293102979660034
4	7500	0.8216889500617981
4	8000	0.8105188608169556
4	8500	0.8067808151245117
4	9000	0.8286384344100952
4	9500	0.8749879598617554
4	10000	0.8360453844070435
4	10500	0.8424973487854004
4	11000	0.9048343896865845
4	11500	0.8736985921859741
4	12000	0.7985060811042786
4	12500	0.7842081785202026
4	13000	0.806620717048645
4	13500	0.7942733764648438
4	14000	0.8880983591079712
5	0	0.8646459579467773
5	500	0.8439545631408691
5	1000	0.7903229594230652
5	1500	0.8371747732162476
5	2000	0.8360365629196167
5	2500	0.8364920616149902
5	3000	0.798012912273407
5	3500	0.8221646547317505
5	4000	0.8254209756851196
5	4500	0.7995592355728149
5	5000	0.8914531469345093
5	5500	0.8508026003837585
5	6000	0.8411506414413452
5	6500	0.8060811161994934
5	7000	0.8141248822212219
5	7500	0.8091975450515747
5	8000	0.7981263995170593
5	8500	0.7962287664413452
5	9000	0.8166379928588867
5	9500	0.8649886846542358
5	10000	0.8241387605667114
5	10500	0.8301190137863159
5	11000	0.896755039691925
5	11500	0.8609718084335327
5	12000	0.7883796095848083
5	12500	0.776028037071228
5	13000	0.7947779297828674
5	13500	0.7853172421455383
5	14000	0.8742464184761047
6	0	0.855048656463623
6	500	0.8287485837936401
6	1000	0.7830259203910828
6	1500	0.82682865858078
6	2000	0.8270792961120605
6	2500	0.8279374837875366
6	3000	0.7896960377693176
6	3500	0.8128103017807007
6	4000	0.8163415789604187
6	4500	0.7906274795532227
6	5000	0.8821986317634583
6	5500	0.8367425799369812
6	6000	0.8334536552429199
6	6500	0.7966442704200745
6	7000	0.803691029548645
6	7500	0.8007023930549622
6	8000	0.7900476455688477
6	8500	0.7891470789909363
6	9000	0.8085187077522278
6	9500	0.858073353767395
6	10000	0.8158608675003052
6	10500	0.8213378190994263
6	11000	0.8909509778022766
6	11500	0.8518732786178589
6	12000	0.7815343141555786
6	12500	0.7705744504928589
6	13000	0.7865732908248901
6	13500	0.7790263891220093
6	14000	0.8641337156295776
7	0	0.8478319048881531
7	500	0.8177648782730103
7	1000	0.7779998779296875
7	1500	0.819188117980957
7	2000	0.820460319519043
7	2500	0.8219108581542969
7	3000	0.7838711738586426
7	3500	0.8061342239379883
7	4000	0.8097521662712097
7	4500	0.7842322587966919
7	5000	0.875789999961853
7	5500	0.8264490962028503
7	6000	0.8280445337295532
7	6500	0.7898257970809937
7	7000	0.7960721254348755
7	7500	0.7944961786270142
7	8000	0.784383237361908
7	8500	0.7840315103530884
7	9000	0.8026337623596191
7	9500	0.8529335260391235
7	10000	0.8097220659255981
7	10500	0.8146821856498718
7	11000	0.8865097761154175
7	11500	0.8449476361274719
7	12000	0.7765735387802124
7	12500	0.7666925191879272
7	13000	0.7805570960044861
7	13500	0.774347186088562
7	14000	0.8563429117202759
8	0	0.8420933485031128
8	500	0.809454619884491
8	1000	0.7743021249771118
8	1500	0.8132516145706177
8	2000	0.8152958154678345
8	2500	0.8174152374267578
8	3000	0.7795358896255493
8	3500	0.8010900616645813
8	4000	0.8047072291374207
8	4500	0.7794159054756165
8	5000	0.8711633682250977
8	5500	0.8185561895370483
8	6000	0.8240239024162292
8	6500	0.7846425771713257
8	7000	0.790263831615448
8	7500	0.789730966091156
8	8000	0.7801904678344727
8	8500	0.7801441550254822
8	9000	0.798155665397644
8	9500	0.8489195108413696
8	10000	0.804970383644104
8	10500	0.8094038963317871
8	11000	0.8829641342163086
8	11500	0.8394387364387512
8	12000	0.7728012800216675
8	12500	0.7637948393821716
8	13000	0.7759602665901184
8	13500	0.7707267999649048
8	14000	0.8501011729240417
9	0	0.8373574018478394
9	500	0.8029443621635437
9	1000	0.7714534997940063
9	1500	0.8084697723388672
9	2000	0.8111103177070618
9	2500	0.813920795917511
9	3000	0.7761657238006592
9	3500	0.7971178293228149
9	4000	0.8006922006607056
9	4500	0.7756509184837341
9	5000	0.8677142858505249
9	5500	0.8122891187667847
9	6000	0.8209112882614136
9	6500	0.7805537581443787
9	7000	0.7856894731521606
9	7500	0.785936713218689
9	8000	0.7769557237625122
9	8500	0.7770782113075256
9	9000	0.7946231961250305
9	9500	0.8456704020500183
9	10000	0.8011782765388489
9	10500	0.8050780296325684
9	11000	0.8800455331802368
9	11500	0.8349131345748901
9	12000	0.7698296308517456
9	12500	0.7615524530410767
9	13000	0.7723358273506165
9	13500	0.7678426504135132
9	14000	0.8449493646621704
10	0	0.8333455920219421
10	500	0.7977032661437988
10	1000	0.7691837549209595
10	1500	0.8045123815536499
10	2000	0.8076230883598328
10	2500	0.8111197352409363
10	3000	0.7734586596488953
10	3500	0.7938903570175171
10	4000	0.7974019646644592
10	4500	0.7726219892501831
10	5000	0.8650757670402527
10	5500	0.8071754574775696
10	6000	0.8184264302253723
10	6500	0.7772361040115356
10	7000	0.7819933295249939
10	7500	0.7828305959701538
10	8000	0.7743778824806213
10	8500	0.7745908498764038
10	9000	0.7917580604553223
10	9500	0.8429685831069946
10	10000	0.7980817556381226
10	10500	0.801443874835968
10	11000	0.8775869607925415
10	11500	0.8311028480529785
10	12000	0.7674247622489929
10	12500	0.7597676515579224
10	13000	0.7694064378738403
10	13500	0.7654922604560852
10	14000	0.8405968546867371

t	e	s	t	_	l	o	s	s
0	0.13679380703709246
14279	0.1367715478732886
28558	0.13680225173895458
42837	0.13683428453820168
57116	0.13686306181859234
71395	0.1368881515846084
85674	0.13690995709522408
99953	0.13692903192364353
114232	0.13694594719552047
128511	0.13696114380101757
