t	r	a	i	n	_	l	o	s	s
1	0	1.4313995838165283
1	500	1.3527634143829346
1	1000	1.3053052425384521
1	1500	1.290602445602417
1	2000	1.2458728551864624
1	2500	1.2111704349517822
1	3000	1.2031633853912354
1	3500	1.1905195713043213
1	4000	1.1155813932418823
1	4500	1.093226671218872
1	5000	1.1350829601287842
1	5500	1.0788745880126953
1	6000	1.1045564413070679
1	6500	1.0522791147232056
1	7000	1.042432188987732
1	7500	1.0279744863510132
1	8000	1.03080153465271
1	8500	1.0362305641174316
1	9000	1.0368224382400513
1	9500	0.9721684455871582
1	10000	0.9912641644477844
1	10500	1.0286200046539307
1	11000	0.9901885986328125
1	11500	0.9347718358039856
1	12000	0.9925454258918762
1	12500	0.9492011070251465
2	0	0.9732661247253418
2	500	0.9660791158676147
2	1000	0.9591212272644043
2	1500	1.0059057474136353
2	2000	0.9785420298576355
2	2500	0.9803045988082886
2	3000	0.9587583541870117
2	3500	0.9643682241439819
2	4000	0.9166920781135559
2	4500	0.9135738611221313
2	5000	0.9512035250663757
2	5500	0.9148885607719421
2	6000	0.9513313174247742
2	6500	0.913550078868866
2	7000	0.9268273115158081
2	7500	0.9119691848754883
2	8000	0.9073570370674133
2	8500	0.9348917007446289
2	9000	0.9290516972541809
2	9500	0.8745204210281372
2	10000	0.902948260307312
2	10500	0.9564067721366882
2	11000	0.9036882519721985
2	11500	0.8598886728286743
2	12000	0.9204200506210327
2	12500	0.8804082870483398
3	0	0.8936691284179688
3	500	0.8906485438346863
3	1000	0.8972650766372681
3	1500	0.9423362612724304
3	2000	0.9140242338180542
3	2500	0.9277459979057312
3	3000	0.901046097278595
3	3500	0.8983469009399414
3	4000	0.8612944483757019
3	4500	0.8655308485031128
3	5000	0.8910835981369019
3	5500	0.8669723272323608
3	6000	0.90021151304245
3	6500	0.8662317395210266
3	7000	0.8900455236434937
3	7500	0.8684485554695129
3	8000	0.8664233088493347
3	8500	0.8950339555740356
3	9000	0.888215184211731
3	9500	0.8374689221382141
3	10000	0.8680518269538879
3	10500	0.9270768165588379
3	11000	0.867874026298523
3	11500	0.8294112086296082
3	12000	0.8904447555541992
3	12500	0.8517756462097168
4	0	0.8592622876167297
4	500	0.8558706045150757
4	1000	0.8711593747138977
4	1500	0.9127486944198608
4	2000	0.8821045160293579
4	2500	0.9050956964492798
4	3000	0.8737192153930664
4	3500	0.8652119636535645
4	4000	0.8339434862136841
4	4500	0.8427322506904602
4	5000	0.860275387763977
4	5500	0.8441488146781921
4	6000	0.8739246129989624
4	6500	0.8413203954696655
4	7000	0.8708032369613647
4	7500	0.8446317911148071
4	8000	0.8452150225639343
4	8500	0.8723980188369751
4	9000	0.8661270141601562
4	9500	0.8175698518753052
4	10000	0.8490474820137024
4	10500	0.9105353355407715
4	11000	0.847446084022522
4	11500	0.8124778866767883
4	12000	0.8738495111465454
4	12500	0.8359371423721313
5	0	0.8397948145866394
5	500	0.8352850079536438
5	1000	0.8569761514663696
5	1500	0.8953777551651001
5	2000	0.862409234046936
5	2500	0.8926480412483215
5	3000	0.857404351234436
5	3500	0.8451608419418335
5	4000	0.8174554109573364
5	4500	0.829475998878479
5	5000	0.841452419757843
5	5500	0.8308118581771851
5	6000	0.8576253652572632
5	6500	0.8258277773857117
5	7000	0.8586615324020386
5	7500	0.8293782472610474
5	8000	0.8319433927536011
5	8500	0.8573868870735168
5	9000	0.8521389961242676
5	9500	0.805072009563446
5	10000	0.8368993997573853
5	10500	0.8996957540512085
5	11000	0.8339197039604187
5	11500	0.8015674352645874
5	12000	0.8632358312606812
5	12500	0.8258110284805298
6	0	0.8272387385368347
6	500	0.821496844291687
6	1000	0.8481224179267883
6	1500	0.8838360905647278
6	2000	0.8487833738327026
6	2500	0.8847595453262329
6	3000	0.8464174270629883
6	3500	0.8317023515701294
6	4000	0.8063777089118958
6	4500	0.8208270072937012
6	5000	0.8287020921707153
6	5500	0.8220397233963013
6	6000	0.8463813662528992
6	6500	0.8152388334274292
6	7000	0.8502151370048523
6	7500	0.8186729550361633
6	8000	0.8227255940437317
6	8500	0.8465042114257812
6	9000	0.8424201011657715
6	9500	0.796460747718811
6	10000	0.8283489942550659
6	10500	0.8919342756271362
6	11000	0.8241453170776367
6	11500	0.7938910126686096
6	12000	0.8558245897293091
6	12500	0.8187283277511597
7	0	0.818466067314148
7	500	0.8115471601486206
7	1000	0.8420785665512085
7	1500	0.8755491375923157
7	2000	0.8386664390563965
7	2500	0.8792725801467896
7	3000	0.8384496569633484
7	3500	0.8220314979553223
7	4000	0.7983976602554321
7	4500	0.8147370219230652
7	5000	0.819450855255127
7	5500	0.8158060908317566
7	6000	0.8380762338638306
7	6500	0.8075343370437622
7	7000	0.8439757227897644
7	7500	0.8106910586357117
7	8000	0.8158866763114929
7	8500	0.8381425738334656
7	9000	0.8352373242378235
7	9500	0.7901480197906494
7	10000	0.8219369649887085
7	10500	0.8860384821891785
7	11000	0.8166659474372864
7	11500	0.7881642580032349
7	12000	0.8503364324569702
7	12500	0.8134617805480957
8	0	0.8119928240776062
8	500	0.803999125957489
8	1000	0.8376877903938293
8	1500	0.8692746162414551
8	2000	0.8307863473892212
8	2500	0.8752022981643677
8	3000	0.8323724865913391
8	3500	0.8147373199462891
8	4000	0.7923605442047119
8	4500	0.8102097511291504
8	5000	0.8124024271965027
8	5500	0.8111292719841003
8	6000	0.8316437005996704
8	6500	0.8016708493232727
8	7000	0.8391726613044739
8	7500	0.8044783473014832
8	8000	0.8105776906013489
8	8500	0.8314510583877563
8	9000	0.8296892046928406
8	9500	0.7853096127510071
8	10000	0.8169091939926147
8	10500	0.8813665509223938
8	11000	0.8107079267501831
8	11500	0.7837091684341431
8	12000	0.8460996747016907
8	12500	0.8093684315681458
9	0	0.8070214986801147
9	500	0.7980628609657288
9	1000	0.8343484997749329
9	1500	0.864337146282196
9	2000	0.8244333267211914
9	2500	0.8720383644104004
9	3000	0.8275641202926636
9	3500	0.8090330362319946
9	4000	0.7876238226890564
9	4500	0.8067046403884888
9	5000	0.8068338632583618
9	5500	0.8074771165847778
9	6000	0.8264847993850708
9	6500	0.7970551252365112
9	7000	0.8353608846664429
9	7500	0.7994849681854248
9	8000	0.8063176274299622
9	8500	0.8259332776069641
9	9000	0.8252593278884888
9	9500	0.7814744114875793
9	10000	0.8128344416618347
9	10500	0.877545177936554
9	11000	0.8058184385299683
9	11500	0.780133068561554
9	12000	0.8427257537841797
9	12500	0.8060795068740845
10	0	0.803085207939148
10	500	0.7932643890380859
10	1000	0.831718921661377
10	1500	0.8603363037109375
10	2000	0.8191763162612915
10	2500	0.8694918751716614
10	3000	0.8236516118049622
10	3500	0.8044453859329224
10	4000	0.7838014364242554
10	4500	0.8039045333862305
10	5000	0.8023096323013306
10	5500	0.8045363426208496
10	6000	0.8222357034683228
10	6500	0.793323814868927
10	7000	0.8322632908821106
10	7500	0.7953706383705139
10	8000	0.8028119206428528
10	8500	0.821277916431427
10	9000	0.8216298222541809
10	9500	0.7783533334732056
10	10000	0.8094475865364075
10	10500	0.8743418455123901
10	11000	0.8017134666442871
10	11500	0.7771913409233093
10	12000	0.8399744033813477
10	12500	0.8033674359321594

t	e	s	t	_	l	o	s	s
0	0.09757943835935334
12539	0.09032915231713838
25078	0.08712957874059298
37617	0.08528851762152555
50156	0.08407773221508738
62695	0.0832133568645094
75234	0.08256098474041697
87773	0.08204845040798948
100312	0.08163339677229642
112851	0.08128924051350193
