t	r	a	i	n	_	l	o	s	s
1	0	1.3874680995941162
1	500	1.340977668762207
1	1000	1.3008102178573608
1	1500	1.2843997478485107
1	2000	1.228733777999878
1	2500	1.212510585784912
1	3000	1.1769516468048096
1	3500	1.17343270778656
1	4000	1.1113334894180298
1	4500	1.09511399269104
1	5000	1.147355318069458
1	5500	1.076892375946045
1	6000	1.0916763544082642
1	6500	1.0533496141433716
1	7000	1.0450794696807861
1	7500	1.0056357383728027
1	8000	1.0527606010437012
1	8500	0.9924761056900024
1	9000	1.059667706489563
1	9500	0.9838752746582031
1	10000	0.9726940393447876
1	10500	1.052735447883606
1	11000	0.9551909565925598
1	11500	0.9297637939453125
1	12000	1.0409787893295288
1	12500	0.9834645986557007
2	0	0.9644457101821899
2	500	0.959294319152832
2	1000	0.9528489112854004
2	1500	1.0072180032730103
2	2000	0.9750974774360657
2	2500	0.98798006772995
2	3000	0.9546440839767456
2	3500	0.955987811088562
2	4000	0.9121198654174805
2	4500	0.9187409281730652
2	5000	0.9577463865280151
2	5500	0.9123601913452148
2	6000	0.9490997195243835
2	6500	0.9203497171401978
2	7000	0.921700656414032
2	7500	0.8921993374824524
2	8000	0.9349854588508606
2	8500	0.8880770802497864
2	9000	0.9592090845108032
2	9500	0.8797820806503296
2	10000	0.8825379610061646
2	10500	0.9766087532043457
2	11000	0.8759533762931824
2	11500	0.8543615341186523
2	12000	0.9561365246772766
2	12500	0.9151387214660645
3	0	0.8893898129463196
3	500	0.886555552482605
3	1000	0.8948962092399597
3	1500	0.9445481300354004
3	2000	0.9119338989257812
3	2500	0.9351348876953125
3	3000	0.8992114067077637
3	3500	0.8929370045661926
3	4000	0.8582679629325867
3	4500	0.8690903782844543
3	5000	0.8951692581176758
3	5500	0.8650652170181274
3	6000	0.9010261297225952
3	6500	0.8730274438858032
3	7000	0.8796151876449585
3	7500	0.8521822690963745
3	8000	0.8913409113883972
3	8500	0.8486911654472351
3	9000	0.919116199016571
3	9500	0.8410077095031738
3	10000	0.8463733792304993
3	10500	0.9446350336074829
3	11000	0.8449942469596863
3	11500	0.8244115114212036
3	12000	0.9183874130249023
3	12500	0.8844890594482422
4	0	0.8565999865531921
4	500	0.8531570434570312
4	1000	0.8705251812934875
4	1500	0.915020763874054
4	2000	0.8805988430976868
4	2500	0.9116165041923523
4	3000	0.8727021217346191
4	3500	0.8612685203552246
4	4000	0.8320805430412292
4	4500	0.8455246686935425
4	5000	0.8630474805831909
4	5500	0.8427489995956421
4	6000	0.8762548565864563
4	6500	0.8474529385566711
4	7000	0.8579367399215698
4	7500	0.8310696482658386
4	8000	0.8675570487976074
4	8500	0.8271538615226746
4	9000	0.8971986770629883
4	9500	0.8206583857536316
4	10000	0.8264298439025879
4	10500	0.9260023832321167
4	11000	0.8283674120903015
4	11500	0.8080557584762573
4	12000	0.8967087864875793
4	12500	0.8662770986557007
5	0	0.8380399942398071
5	500	0.8335021138191223
5	1000	0.8572901487350464
5	1500	0.8974446058273315
5	2000	0.8612534403800964
5	2500	0.8983534574508667
5	3000	0.8568099141120911
5	3500	0.8420583009719849
5	4000	0.8163336515426636
5	4500	0.831902027130127
5	5000	0.8434122800827026
5	5500	0.8297998309135437
5	6000	0.8609210848808289
5	6500	0.8312104344367981
5	7000	0.8444571495056152
5	7500	0.8178106546401978
5	8000	0.8521937131881714
5	8500	0.8133780360221863
5	9000	0.8832911252975464
5	9500	0.8080712556838989
5	10000	0.8136569261550903
5	10500	0.9133556485176086
5	11000	0.817913830280304
5	11500	0.7976474761962891
5	12000	0.8824546933174133
5	12500	0.8537817001342773
6	0	0.8260658979415894
6	500	0.8204118013381958
6	1000	0.8490537405014038
6	1500	0.8856253623962402
6	2000	0.8478571176528931
6	2500	0.8897958993911743
6	3000	0.8460761904716492
6	3500	0.8291345834732056
6	4000	0.8057224154472351
6	4500	0.8230655789375305
6	5000	0.8301191329956055
6	5500	0.8213284611701965
6	6000	0.8503767848014832
6	6500	0.8199006915092468
6	7000	0.835098385810852
6	7500	0.8086042404174805
6	8000	0.841261088848114
6	8500	0.8037320971488953
6	9000	0.873622715473175
6	9500	0.799476683139801
6	10000	0.8047038912773132
6	10500	0.903979480266571
6	11000	0.810685932636261
6	11500	0.7903953790664673
6	12000	0.8722521066665649
6	12500	0.8444487452507019
7	0	0.817691445350647
7	500	0.8110116720199585
7	1000	0.8434603810310364
7	1500	0.8770578503608704
7	2000	0.8378974199295044
7	2500	0.8837738037109375
7	3000	0.8382716178894043
7	3500	0.8198317289352417
7	4000	0.7980403900146484
7	4500	0.8168749809265137
7	5000	0.8204855918884277
7	5500	0.8153319358825684
7	6000	0.8426179885864258
7	6500	0.8115307688713074
7	7000	0.8281197547912598
7	7500	0.801780104637146
7	8000	0.8329882621765137
7	8500	0.7965630888938904
7	9000	0.8664695620536804
7	9500	0.7932074069976807
7	10000	0.7980376482009888
7	10500	0.8966196775436401
7	11000	0.8053598403930664
7	11500	0.7850304245948792
7	12000	0.8645130395889282
7	12500	0.8370855450630188
8	0	0.8115023374557495
8	500	0.8039091229438782
8	1000	0.8394228219985962
8	1500	0.8705240488052368
8	2000	0.8301278352737427
8	2500	0.8792740106582642
8	3000	0.8323043584823608
8	3500	0.8128066062927246
8	4000	0.7921966314315796
8	4500	0.8122923970222473
8	5000	0.813157856464386
8	5500	0.8108447790145874
8	6000	0.8366335034370422
8	6500	0.8050602674484253
8	7000	0.8226516842842102
8	7500	0.7964844107627869
8	8000	0.8264592885971069
8	8500	0.7910041809082031
8	9000	0.8609331250190735
8	9500	0.7884127497673035
8	10000	0.792855441570282
8	10500	0.8906100988388062
8	11000	0.8012520670890808
8	11500	0.780888557434082
8	12000	0.8583919405937195
8	12500	0.8310529589653015
9	0	0.8067405819892883
9	500	0.7983413338661194
9	1000	0.8363742828369141
9	1500	0.8653551340103149
9	2000	0.8238530158996582
9	2500	0.8757621049880981
9	3000	0.8275718688964844
9	3500	0.8073077201843262
9	4000	0.7875871062278748
9	4500	0.8087573051452637
9	5000	0.8073792457580566
9	5500	0.8073463439941406
9	6000	0.8318548202514648
9	6500	0.7998913526535034
9	7000	0.8182099461555481
9	7500	0.7922331094741821
9	8000	0.8211485743522644
9	8500	0.7865548133850098
9	9000	0.8564990758895874
9	9500	0.784613847732544
9	10000	0.7886949777603149
9	10500	0.8855611681938171
9	11000	0.7979733347892761
9	11500	0.7775872945785522
9	12000	0.8533962368965149
9	12500	0.8259748220443726
10	0	0.8029624819755554
10	500	0.7938526272773743
10	1000	0.8339921236038208
10	1500	0.861150860786438
10	2000	0.8186513781547546
10	2500	0.8729297518730164
10	3000	0.8237126469612122
10	3500	0.8028826713562012
10	4000	0.7838481664657593
10	4500	0.8059417605400085
10	5000	0.8026942014694214
10	5500	0.8045312166213989
10	6000	0.8279365301132202
10	6500	0.7956552505493164
10	7000	0.8145016431808472
10	7500	0.7887301445007324
10	8000	0.8167287707328796
10	8500	0.7829047441482544
10	9000	0.8528523445129395
10	9500	0.7815199494361877
10	10000	0.7852703332901001
10	10500	0.8812271952629089
10	11000	0.7952854037284851
10	11500	0.7748898863792419
10	12000	0.849219024181366
10	12500	0.8216115236282349

t	e	s	t	_	l	o	s	s
0	0.09739238578064968
12540	0.09018566652545329
25080	0.08699152677476378
37620	0.08514918153756428
50160	0.08393539303625804
62700	0.08306771058522071
75240	0.08241219161362677
87780	0.08189682149301403
100320	0.08147926756707766
112860	0.08113293406076838
