t	r	a	i	n	_	l	o	s	s
1	0	1.3924016952514648
1	500	1.3442046642303467
1	1000	1.3332688808441162
1	1500	1.294818639755249
1	2000	1.2170307636260986
1	2500	1.2204985618591309
1	3000	1.1624491214752197
1	3500	1.1413737535476685
1	4000	1.1674398183822632
1	4500	1.100124716758728
1	5000	1.0926969051361084
1	5500	1.124988079071045
1	6000	1.115499496459961
1	6500	1.0367141962051392
1	7000	1.0524719953536987
1	7500	1.0243053436279297
1	8000	1.0196220874786377
1	8500	1.0341732501983643
1	9000	1.023753046989441
1	9500	0.9701067209243774
1	10000	0.9902082681655884
1	10500	1.0368238687515259
1	11000	0.977290153503418
1	11500	0.9329124689102173
1	12000	0.9936546087265015
1	12500	0.959446907043457
2	0	0.9569922685623169
2	500	0.9911491274833679
2	1000	0.963109016418457
2	1500	0.963875412940979
2	2000	0.9353499412536621
2	2500	0.968359649181366
2	3000	0.9354392886161804
2	3500	0.9203885197639465
2	4000	0.9819815754890442
2	4500	0.9345335960388184
2	5000	0.9131447672843933
2	5500	0.9798324704170227
2	6000	0.9757235646247864
2	6500	0.9064679145812988
2	7000	0.9337921142578125
2	7500	0.9098003506660461
2	8000	0.900704562664032
2	8500	0.9346609115600586
2	9000	0.9242593050003052
2	9500	0.872450053691864
2	10000	0.9023659825325012
2	10500	0.9629131555557251
2	11000	0.894696056842804
2	11500	0.8573549389839172
2	12000	0.9213595390319824
2	12500	0.8867154121398926
3	0	0.8830903768539429
3	500	0.9174679517745972
3	1000	0.8894006609916687
3	1500	0.8918952941894531
3	2000	0.8715135455131531
3	2500	0.9024810791015625
3	3000	0.8761016130447388
3	3500	0.8622732162475586
3	4000	0.9238609075546265
3	4500	0.8915210962295532
3	5000	0.8623112440109253
3	5500	0.9326338768005371
3	6000	0.9309104681015015
3	6500	0.8617308735847473
3	7000	0.8952382802963257
3	7500	0.8666051030158997
3	8000	0.86088627576828
3	8500	0.8945293426513672
3	9000	0.8858466148376465
3	9500	0.8358518481254578
3	10000	0.8681974411010742
3	10500	0.9327395558357239
3	11000	0.8603388667106628
3	11500	0.8268372416496277
3	12000	0.8914821743965149
3	12500	0.8567382097244263
4	0	0.8510949015617371
4	500	0.882634162902832
4	1000	0.8560539484024048
4	1500	0.8588792681694031
4	2000	0.8408210873603821
4	2500	0.8699299097061157
4	3000	0.847093403339386
4	3500	0.8351311683654785
4	4000	0.8933390378952026
4	4500	0.8709995150566101
4	5000	0.8386626243591309
4	5500	0.9085046052932739
4	6000	0.9080041646957397
4	6500	0.8380447626113892
4	7000	0.8751739263534546
4	7500	0.84295254945755
4	8000	0.8402031064033508
4	8500	0.8717050552368164
4	9000	0.8649384379386902
4	9500	0.8164013028144836
4	10000	0.8497158288955688
4	10500	0.915909469127655
4	11000	0.840715765953064
4	11500	0.8099977374076843
4	12000	0.8749321699142456
4	12500	0.8404239416122437
5	0	0.8330795168876648
5	500	0.8619400262832642
5	1000	0.8366715312004089
5	1500	0.8395942449569702
5	2000	0.8223644495010376
5	2500	0.8502122759819031
5	3000	0.829565703868866
5	3500	0.8195427656173706
5	4000	0.8739145994186401
5	4500	0.8586981892585754
5	5000	0.8250036239624023
5	5500	0.8935349583625793
5	6000	0.8937827348709106
5	6500	0.823226809501648
5	7000	0.8625946044921875
5	7500	0.8277823328971863
5	8000	0.8271982073783875
5	8500	0.8565923571586609
5	9000	0.8516539335250854
5	9500	0.8042651414871216
5	10000	0.8379138112068176
5	10500	0.904985249042511
5	11000	0.8277386426925659
5	11500	0.7992419004440308
5	12000	0.8642746806144714
5	12500	0.830122172832489
6	0	0.8214398622512817
6	500	0.8481027483940125
6	1000	0.8238565325737
6	1500	0.8267958760261536
6	2000	0.8099439740180969
6	2500	0.8368597030639648
6	3000	0.8177012205123901
6	3500	0.809505820274353
6	4000	0.8602197766304016
6	4500	0.8503743410110474
6	5000	0.8160544633865356
6	5500	0.8831636309623718
6	6000	0.8839489817619324
6	6500	0.8130327463150024
6	7000	0.8538950085639954
6	7500	0.8171209096908569
6	8000	0.8181136250495911
6	8500	0.8456538319587708
6	9000	0.842402458190918
6	9500	0.7959359288215637
6	10000	0.8295891880989075
6	10500	0.8972187042236328
6	11000	0.8183878660202026
6	11500	0.7917417287826538
6	12000	0.856752872467041
6	12500	0.8229813575744629
7	0	0.8132440447807312
7	500	0.8381446003913879
7	1000	0.8146823048591614
7	1500	0.8176090121269226
7	2000	0.80097895860672
7	2500	0.8271411061286926
7	3000	0.8090727925300598
7	3500	0.8025471568107605
7	4000	0.8499302864074707
7	4500	0.8443014025688171
7	5000	0.8096955418586731
7	5500	0.8754550814628601
7	6000	0.8766727447509766
7	6500	0.8055655360221863
7	7000	0.8475022315979004
7	7500	0.8091645240783691
7	8000	0.8113335371017456
7	8500	0.8372600674629211
7	9000	0.8355520367622375
7	9500	0.7898442149162292
7	10000	0.8233240842819214
7	10500	0.8913513422012329
7	11000	0.8112584948539734
7	11500	0.7861930131912231
7	12000	0.8511092066764832
7	12500	0.8177069425582886
8	0	0.8071234822273254
8	500	0.8306072354316711
8	1000	0.8077508211135864
8	1500	0.810655951499939
8	2000	0.7941863536834717
8	2500	0.8196991682052612
8	3000	0.8024791479110718
8	3500	0.7974647879600525
8	4000	0.8418577313423157
8	4500	0.8396361470222473
8	5000	0.8049171566963196
8	5500	0.8694440722465515
8	6000	0.8710333108901978
8	6500	0.7998453974723816
8	7000	0.8426055908203125
8	7500	0.8029682040214539
8	8000	0.8060386776924133
8	8500	0.8305487632751465
8	9000	0.8302513360977173
8	9500	0.78518146276474
8	10000	0.8183919191360474
8	10500	0.8867219686508179
8	11000	0.8056005239486694
8	11500	0.7819087505340576
8	12000	0.8466870188713074
8	12500	0.8136293292045593
9	0	0.8023530840873718
9	500	0.8246868848800659
9	1000	0.8023064732551575
9	1500	0.8051886558532715
9	2000	0.7888525128364563
9	2500	0.8137832880020142
9	3000	0.7972546815872192
9	3500	0.7936056852340698
9	4000	0.8353228569030762
9	4500	0.8359144926071167
9	5000	0.8011787533760071
9	5500	0.8645919561386108
9	6000	0.8665128946304321
9	6500	0.7953132390975952
9	7000	0.8387386202812195
9	7500	0.7979874610900879
9	8000	0.8017651438713074
9	8500	0.8250177502632141
9	9000	0.8260117769241333
9	9500	0.7814885377883911
9	10000	0.814379870891571
9	10500	0.88294917345047
9	11000	0.8009746670722961
9	11500	0.778492271900177
9	12000	0.8431090116500854
9	12500	0.8103669285774231
10	0	0.7985123991966248
10	500	0.8199028968811035
10	1000	0.7979031801223755
10	1500	0.8007636070251465
10	2000	0.7845471501350403
10	2500	0.8089432716369629
10	3000	0.7929990887641907
10	3500	0.7905861139297485
10	4000	0.8299052119255066
10	4500	0.8328584432601929
10	5000	0.7981635928153992
10	5500	0.8605726957321167
10	6000	0.8627957105636597
10	6500	0.7916266322135925
10	7000	0.8356117010116577
10	7500	0.793883740901947
10	8000	0.7982286214828491
10	8500	0.8203526735305786
10	9000	0.822532057762146
10	9500	0.7784847021102905
10	10000	0.8110347986221313
10	10500	0.8797959089279175
10	11000	0.7971042394638062
10	11500	0.7756981253623962
10	12000	0.8401414752006531
10	12500	0.8076866269111633

t	e	s	t	_	l	o	s	s
0	0.09755544159591104
12539	0.09033702232620933
25078	0.08714484477347355
37617	0.0853066171375378
50156	0.08409652029308215
62695	0.08323179166853142
75234	0.0825786028467297
87773	0.08206507463774612
100312	0.08164899999445135
112851	0.08130387116277046
