t	r	a	i	n	_	l	o	s	s
1	0	1.4166463613510132
1	500	1.3616873025894165
1	1000	1.3014132976531982
1	1500	1.2201802730560303
1	2000	1.2636398077011108
1	2500	1.2089427709579468
1	3000	1.2238675355911255
1	3500	1.1146550178527832
1	4000	1.078172206878662
1	4500	1.1083028316497803
1	5000	1.0844179391860962
1	5500	1.091892957687378
1	6000	1.0798898935317993
1	6500	1.042855978012085
1	7000	1.079144835472107
1	7500	0.9943992495536804
1	8000	1.0658447742462158
1	8500	1.0107429027557373
1	9000	1.0035877227783203
1	9500	0.9734885096549988
1	10000	0.9526484608650208
1	10500	0.9828463792800903
1	11000	0.9852855801582336
1	11500	0.9812162518501282
1	12000	1.034430742263794
1	12500	0.9462539553642273
2	0	0.9490717649459839
2	500	0.9717753529548645
2	1000	0.9227083325386047
2	1500	0.893847644329071
2	2000	0.9760158658027649
2	2500	0.9482759237289429
2	3000	1.0379083156585693
2	3500	0.9206201434135437
2	4000	0.8916524648666382
2	4500	0.9355324506759644
2	5000	0.9131836891174316
2	5500	0.938646137714386
2	6000	0.9552842974662781
2	6500	0.9228358268737793
2	7000	0.9513411521911621
2	7500	0.8815642595291138
2	8000	0.9513236284255981
2	8500	0.8975882530212402
2	9000	0.897492527961731
2	9500	0.8788185119628906
2	10000	0.8648799657821655
2	10500	0.8981218338012695
2	11000	0.9137735366821289
2	11500	0.8988391757011414
2	12000	0.9447500109672546
2	12500	0.8753617405891418
3	0	0.8852589726448059
3	500	0.9015878438949585
3	1000	0.848861038684845
3	1500	0.8371433019638062
3	2000	0.9125362634658813
3	2500	0.8856611251831055
3	3000	0.9776021242141724
3	3500	0.8681559562683105
3	4000	0.8444223403930664
3	4500	0.8848177790641785
3	5000	0.8612591028213501
3	5500	0.8914070129394531
3	6000	0.9110580682754517
3	6500	0.8800886869430542
3	7000	0.9043266177177429
3	7500	0.8455616235733032
3	8000	0.9074312448501587
3	8500	0.8569773435592651
3	9000	0.8560487031936646
3	9500	0.8428988456726074
3	10000	0.8333266973495483
3	10500	0.8638521432876587
3	11000	0.8828886151313782
3	11500	0.863282322883606
3	12000	0.9032567143440247
3	12500	0.8453212976455688
4	0	0.8585244417190552
4	500	0.8696497678756714
4	1000	0.817175030708313
4	1500	0.8133876919746399
4	2000	0.8825119733810425
4	2500	0.8587120771408081
4	3000	0.9431269764900208
4	3500	0.8424032926559448
4	4000	0.8213626742362976
4	4500	0.8595975041389465
4	5000	0.8361693620681763
4	5500	0.8673993945121765
4	6000	0.8867290616035461
4	6500	0.8563046455383301
4	7000	0.8789463043212891
4	7500	0.8275586366653442
4	8000	0.8831731677055359
4	8500	0.8365638852119446
4	9000	0.8333622813224792
4	9500	0.8234480619430542
4	10000	0.8173868060112
4	10500	0.8448467254638672
4	11000	0.865157425403595
4	11500	0.8432491421699524
4	12000	0.8787761926651001
4	12500	0.8287404775619507
5	0	0.8434786796569824
5	500	0.8511728048324585
5	1000	0.7997754812240601
5	1500	0.800286591053009
5	2000	0.8645597696304321
5	2500	0.8445132374763489
5	3000	0.9198585748672485
5	3500	0.8268128633499146
5	4000	0.8073936700820923
5	4500	0.8443560600280762
5	5000	0.8214055299758911
5	5500	0.8526213765144348
5	6000	0.8708372116088867
5	6500	0.8407489061355591
5	7000	0.8629172444343567
5	7500	0.8167113065719604
5	8000	0.8674967885017395
5	8500	0.8243917226791382
5	9000	0.818831741809845
5	9500	0.8111234903335571
5	10000	0.8078745007514954
5	10500	0.8325591087341309
5	11000	0.8535237312316895
5	11500	0.8303341865539551
5	12000	0.8623945116996765
5	12500	0.8182421922683716
6	0	0.8336633443832397
6	500	0.8390812873840332
6	1000	0.7888638377189636
6	1500	0.7919222116470337
6	2000	0.8524094820022583
6	2500	0.8361057043075562
6	3000	0.9027926325798035
6	3500	0.8162453770637512
6	4000	0.7979214191436768
6	4500	0.834070086479187
6	5000	0.8116484880447388
6	5500	0.842494010925293
6	6000	0.8594273328781128
6	6500	0.8296348452568054
6	7000	0.8518780469894409
6	7500	0.8094340562820435
6	8000	0.8564087748527527
6	8500	0.8163064122200012
6	9000	0.808619499206543
6	9500	0.8025598526000977
6	10000	0.8015853762626648
6	10500	0.8238539695739746
6	11000	0.8452557325363159
6	11500	0.821300208568573
6	12000	0.8505433797836304
6	12500	0.8109943270683289
7	0	0.8266557455062866
7	500	0.8305243253707886
7	1000	0.781413197517395
7	1500	0.7860690355300903
7	2000	0.8435271382331848
7	2500	0.8307291269302368
7	3000	0.8896135091781616
7	3500	0.8085553050041199
7	4000	0.7910324335098267
7	4500	0.8266162872314453
7	5000	0.8046870231628418
7	5500	0.8350580334663391
7	6000	0.8507301211357117
7	6500	0.8212282061576843
7	7000	0.8438389897346497
7	7500	0.8041942715644836
7	8000	0.848082423210144
7	8500	0.8105247616767883
7	9000	0.8009932637214661
7	9500	0.7962316274642944
7	10000	0.7971275448799133
7	10500	0.8173023462295532
7	11000	0.8390558362007141
7	11500	0.8146241307258606
7	12000	0.8415061831474304
7	12500	0.8056844472885132
8	0	0.8213407397270203
8	500	0.8241301774978638
8	1000	0.7760148048400879
8	1500	0.7817091345787048
8	2000	0.8366873860359192
8	2500	0.8270994424819946
8	3000	0.8790649175643921
8	3500	0.8026787042617798
8	4000	0.7857763171195984
8	4500	0.820939838886261
8	5000	0.7994438409805298
8	5500	0.8293298482894897
8	6000	0.8438214063644409
8	6500	0.814608097076416
8	7000	0.8377475738525391
8	7500	0.8002284169197083
8	8000	0.8415564298629761
8	8500	0.8061650991439819
8	9000	0.7950515747070312
8	9500	0.7913437485694885
8	10000	0.7938047647476196
8	10500	0.8121554255485535
8	11000	0.8342234492301941
8	11500	0.8094902038574219
8	12000	0.8343490362167358
8	12500	0.8016236424446106
9	0	0.8171321153640747
9	500	0.819157600402832
9	1000	0.7719288468360901
9	1500	0.7783120274543762
9	2000	0.8312212228775024
9	2500	0.8245503306388855
9	3000	0.870394229888916
9	3500	0.798024594783783
9	4000	0.7816236019134521
9	4500	0.8164563179016113
9	5000	0.7953335046768188
9	5500	0.8247584104537964
9	6000	0.8381654620170593
9	6500	0.8092361688613892
9	7000	0.8329914212226868
9	7500	0.7971130609512329
9	8000	0.8362733721733093
9	8500	0.8027447462081909
9	9000	0.7902755737304688
9	9500	0.787440836429596
9	10000	0.7912317514419556
9	10500	0.8079818487167358
9	11000	0.8303451538085938
9	11500	0.8054208755493164
9	12000	0.828517735004425
9	12500	0.7984157204627991
10	0	0.8136916160583496
10	500	0.8151710629463196
10	1000	0.7687310576438904
10	1500	0.7755742073059082
10	2000	0.8267301321029663
10	2500	0.8227063417434692
10	3000	0.8631189465522766
10	3500	0.7942364811897278
10	4000	0.7782537937164307
10	4500	0.8128143548965454
10	5000	0.7920108437538147
10	5500	0.821010410785675
10	6000	0.8334271311759949
10	6500	0.8047744631767273
10	7000	0.8291894793510437
10	7500	0.7945948243141174
10	8000	0.831887423992157
10	8500	0.7999780774116516
10	9000	0.7863444089889526
10	9500	0.7842424511909485
10	10000	0.7891791462898254
10	10500	0.8045135736465454
10	11000	0.8271608352661133
10	11500	0.802116870880127
10	12000	0.823660671710968
10	12500	0.7958172559738159

t	e	s	t	_	l	o	s	s
0	0.09749474807789452
12539	0.09028319105196987
25078	0.08709004983377229
37617	0.08525099435871678
50156	0.08404129287272549
62695	0.08317784723102381
75234	0.082526460874594
87773	0.08201500930284199
100312	0.08160112625674197
112851	0.08125821328239198
