t	r	a	i	n	_	l	o	s	s
1	0	1.3862828016281128
1	500	1.3377336263656616
1	1000	1.3034660816192627
1	1500	1.231201410293579
1	2000	1.2273008823394775
1	2500	1.1676177978515625
1	3000	1.2084940671920776
1	3500	1.1323696374893188
1	4000	1.1672874689102173
1	4500	1.147912859916687
1	5000	1.096745252609253
1	5500	1.1449642181396484
1	6000	1.055073618888855
1	6500	1.0436935424804688
1	7000	1.0887305736541748
1	7500	0.9923260807991028
1	8000	1.0657544136047363
1	8500	1.0069600343704224
1	9000	0.9988608360290527
1	9500	0.9710190892219543
1	10000	0.9551119804382324
1	10500	0.98443204164505
1	11000	0.9818969964981079
1	11500	0.9806022644042969
1	12000	1.024895191192627
1	12500	0.9450734257698059
2	0	0.9446567296981812
2	500	0.9366080164909363
2	1000	0.955756664276123
2	1500	0.9601837396621704
2	2000	0.9467026591300964
2	2500	0.9385616183280945
2	3000	0.9544199109077454
2	3500	0.926043689250946
2	4000	0.9841707944869995
2	4500	0.9750043749809265
2	5000	0.9347526431083679
2	5500	1.0191729068756104
2	6000	0.9127958416938782
2	6500	0.9224759340286255
2	7000	0.9552742838859558
2	7500	0.8798434138298035
2	8000	0.9515395164489746
2	8500	0.8955324292182922
2	9000	0.8993324041366577
2	9500	0.8787906765937805
2	10000	0.8658801913261414
2	10500	0.8966057896614075
2	11000	0.9078157544136047
2	11500	0.899107813835144
2	12000	0.9397581815719604
2	12500	0.8723281621932983
3	0	0.8735334277153015
3	500	0.8739702105522156
3	1000	0.8857569694519043
3	1500	0.895989716053009
3	2000	0.8817607760429382
3	2500	0.8939811587333679
3	3000	0.8904477953910828
3	3500	0.8731508255004883
3	4000	0.9330167770385742
3	4500	0.9231937527656555
3	5000	0.8842803239822388
3	5500	0.9840618968009949
3	6000	0.8679935336112976
3	6500	0.879786491394043
3	7000	0.9074306488037109
3	7500	0.8440847396850586
3	8000	0.9071580171585083
3	8500	0.8556734919548035
3	9000	0.8588463068008423
3	9500	0.8436949849128723
3	10000	0.8340364694595337
3	10500	0.8618017435073853
3	11000	0.8768285512924194
3	11500	0.8634710311889648
3	12000	0.8999188542366028
3	12500	0.8422099947929382
4	0	0.8429616093635559
4	500	0.8468648195266724
4	1000	0.8541108965873718
4	1500	0.8660435676574707
4	2000	0.8511053919792175
4	2500	0.8745537996292114
4	3000	0.859747588634491
4	3500	0.8466033935546875
4	4000	0.906844437122345
4	4500	0.896138072013855
4	5000	0.8578941226005554
4	5500	0.9672448039054871
4	6000	0.8454079627990723
4	6500	0.8560739755630493
4	7000	0.8817088007926941
4	7500	0.826280415058136
4	8000	0.8823467493057251
4	8500	0.835442066192627
4	9000	0.8360937833786011
4	9500	0.8246479034423828
4	10000	0.8177838325500488
4	10500	0.8425110578536987
4	11000	0.8592296838760376
4	11500	0.8431882858276367
4	12000	0.8762149810791016
4	12500	0.8258444666862488
5	0	0.8255414962768555
5	500	0.8312054872512817
5	1000	0.8357450366020203
5	1500	0.8487003445625305
5	2000	0.8330476880073547
5	2500	0.863624095916748
5	3000	0.8414685130119324
5	3500	0.8300031423568726
5	4000	0.8904805183410645
5	4500	0.8787046670913696
5	5000	0.8412248492240906
5	5500	0.9574083089828491
5	6000	0.8316856622695923
5	6500	0.8405854105949402
5	7000	0.8654872179031372
5	7500	0.8155640363693237
5	8000	0.8662030100822449
5	8500	0.8232343792915344
5	9000	0.8212456703186035
5	9500	0.8125322461128235
5	10000	0.8079454302787781
5	10500	0.8299902677536011
5	11000	0.8476954698562622
5	11500	0.8300368189811707
5	12000	0.8602764010429382
5	12500	0.8155863881111145
6	0	0.8141710162162781
6	500	0.8208392858505249
6	1000	0.8236093521118164
6	1500	0.8373562693595886
6	2000	0.8210486173629761
6	2500	0.8565953969955444
6	3000	0.8292557597160339
6	3500	0.8184256553649902
6	4000	0.8791316747665405
6	4500	0.8661972284317017
6	5000	0.8295584917068481
6	5500	0.9510153532028198
6	6000	0.8224040865898132
6	6500	0.8295419812202454
6	7000	0.8543256521224976
6	7500	0.8083723187446594
6	8000	0.8547426462173462
6	8500	0.8150343894958496
6	9000	0.8106675148010254
6	9500	0.8040779232978821
6	10000	0.8013401031494141
6	10500	0.8210783004760742
6	11000	0.83946293592453
6	11500	0.8208099603652954
6	12000	0.8487180471420288
6	12500	0.8085561990737915
7	0	0.8061071634292603
7	500	0.8133918046951294
7	1000	0.8149207830429077
7	1500	0.8293350338935852
7	2000	0.8124400973320007
7	2500	0.8516837954521179
7	3000	0.8204742670059204
7	3500	0.8098060488700867
7	4000	0.8707373738288879
7	4500	0.8566349148750305
7	5000	0.8208471536636353
7	5500	0.9465757608413696
7	6000	0.8156704902648926
7	6500	0.8212092518806458
7	7000	0.8462031483650208
7	7500	0.8031913638114929
7	8000	0.8461229205131531
7	8500	0.8091108202934265
7	9000	0.8026885986328125
7	9500	0.7978048324584961
7	10000	0.7965830564498901
7	10500	0.8143409490585327
7	11000	0.8332436680793762
7	11500	0.8139802813529968
7	12000	0.8398948907852173
7	12500	0.8034361600875854
8	0	0.8000545501708984
8	500	0.8077356219291687
8	1000	0.8083521723747253
8	1500	0.8233507871627808
8	2000	0.8059287071228027
8	2500	0.8480521440505981
8	3000	0.8138291239738464
8	3500	0.8031004667282104
8	4000	0.8642479777336121
8	4500	0.8490134477615356
8	5000	0.814044177532196
8	5500	0.9433480501174927
8	6000	0.8105400204658508
8	6500	0.8146648406982422
8	7000	0.8400516510009766
8	7500	0.7992686629295349
8	8000	0.8393657803535461
8	8500	0.8046033978462219
8	9000	0.7964267134666443
8	9500	0.7929417490959167
8	10000	0.7929791212081909
8	10500	0.8090273141860962
8	11000	0.8283511400222778
8	11500	0.8087223768234253
8	12000	0.8329054713249207
8	12500	0.7995400428771973
9	0	0.7953194379806519
9	500	0.8032631874084473
9	1000	0.803187370300293
9	1500	0.8187091946601868
9	2000	0.8008101582527161
9	2500	0.8452548980712891
9	3000	0.8086079359054565
9	3500	0.7977146506309509
9	4000	0.8590661883354187
9	4500	0.8427574038505554
9	5000	0.8085538744926453
9	5500	0.9409200549125671
9	6000	0.8064870834350586
9	6500	0.8093681335449219
9	7000	0.8352494239807129
9	7500	0.7961875200271606
9	8000	0.8339000940322876
9	8500	0.8010377883911133
9	9000	0.7913674116134644
9	9500	0.7890459299087524
9	10000	0.7901418805122375
9	10500	0.8047038316726685
9	11000	0.8243845105171204
9	11500	0.8045501708984375
9	12000	0.8272122144699097
9	12500	0.7964757680892944
10	0	0.7914966940879822
10	500	0.7996166348457336
10	1000	0.7990044355392456
10	1500	0.8150014877319336
10	2000	0.7966668009757996
10	2500	0.8430333137512207
10	3000	0.804385781288147
10	3500	0.7932814359664917
10	4000	0.854825496673584
10	4500	0.8375078439712524
10	5000	0.8040096163749695
10	5500	0.9390454292297363
10	6000	0.8031956553459167
10	6500	0.8049800992012024
10	7000	0.8314089775085449
10	7500	0.7936983108520508
10	8000	0.8293691873550415
10	8500	0.7981314659118652
10	9000	0.7871882319450378
10	9500	0.7858440279960632
10	10000	0.7878405451774597
10	10500	0.8011006116867065
10	11000	0.821092426776886
10	11500	0.8011579513549805
10	12000	0.822472870349884
10	12500	0.7940026521682739

t	e	s	t	_	l	o	s	s
0	0.09737480928262836
12539	0.0902319998166968
25078	0.08707108577472741
37617	0.08524579772728672
50156	0.08404137165162362
62695	0.08317907947862738
75234	0.08252672870573625
87773	0.08201319099993606
100312	0.08159663758019321
112851	0.08125075690293806
