t	r	a	i	n	_	l	o	s	s
1	0	1.3878943920135498
1	500	1.3528821468353271
1	1000	1.2852824926376343
1	1500	1.2596240043640137
1	2000	1.237182855606079
1	2500	1.1996216773986816
1	3000	1.2410671710968018
1	3500	1.2112438678741455
1	4000	1.0979578495025635
1	4500	1.1291635036468506
1	5000	1.0901398658752441
1	5500	1.1035706996917725
1	6000	1.1165204048156738
1	6500	1.0131292343139648
1	7000	1.0998185873031616
1	7500	1.0401525497436523
1	8000	1.0939935445785522
1	8500	1.0289455652236938
1	9000	0.9841505289077759
1	9500	1.0438469648361206
1	10000	0.9699909090995789
1	10500	1.0367416143417358
1	11000	1.0105011463165283
1	11500	0.9640572667121887
1	12000	1.010834813117981
1	12500	0.9544604420661926
2	0	0.929416835308075
2	500	1.0129473209381104
2	1000	0.9738178253173828
2	1500	0.9414346814155579
2	2000	0.9839118719100952
2	2500	0.9521014094352722
2	3000	1.0621014833450317
2	3500	1.0278618335723877
2	4000	0.9097638130187988
2	4500	0.9383429288864136
2	5000	0.9247997403144836
2	5500	0.9442538022994995
2	6000	0.9787846803665161
2	6500	0.8878496885299683
2	7000	0.9825209379196167
2	7500	0.9158269762992859
2	8000	1.0114340782165527
2	8500	0.9135290384292603
2	9000	0.8836943507194519
2	9500	0.949133038520813
2	10000	0.8748906850814819
2	10500	0.9509474039077759
2	11000	0.9405765533447266
2	11500	0.8762117624282837
2	12000	0.9287389516830444
2	12500	0.8815658688545227
3	0	0.8518434762954712
3	500	0.9429613947868347
3	1000	0.9095803499221802
3	1500	0.873848557472229
3	2000	0.9250931739807129
3	2500	0.8945263028144836
3	3000	0.9982121586799622
3	3500	0.9747522473335266
3	4000	0.8631393313407898
3	4500	0.8810323476791382
3	5000	0.8732811212539673
3	5500	0.8889636993408203
3	6000	0.9275069236755371
3	6500	0.8461242914199829
3	7000	0.9356170892715454
3	7500	0.8701141476631165
3	8000	0.9816083908081055
3	8500	0.8706235885620117
3	9000	0.8464778065681458
3	9500	0.9110481142997742
3	10000	0.8366656303405762
3	10500	0.9157023429870605
3	11000	0.9144878387451172
3	11500	0.8394842147827148
3	12000	0.8912458419799805
3	12500	0.8502602577209473
4	0	0.8198572397232056
4	500	0.9115300178527832
4	1000	0.8806975483894348
4	1500	0.843289852142334
4	2000	0.8972584009170532
4	2500	0.8670755624771118
4	3000	0.9630200266838074
4	3500	0.9472633600234985
4	4000	0.8419522047042847
4	4500	0.8527156710624695
4	5000	0.8470208048820496
4	5500	0.8597682118415833
4	6000	0.8993195295333862
4	6500	0.8243979215621948
4	7000	0.9092666506767273
4	7500	0.8458313941955566
4	8000	0.965976893901825
4	8500	0.8475508689880371
4	9000	0.8266563415527344
4	9500	0.8900114297866821
4	10000	0.8159539103507996
4	10500	0.8958882093429565
4	11000	0.900478720664978
4	11500	0.8192097544670105
4	12000	0.8687607049942017
4	12500	0.8325592279434204
5	0	0.8025326728820801
5	500	0.8938115239143372
5	1000	0.8643242716789246
5	1500	0.8258275985717773
5	2000	0.8806428909301758
5	2500	0.8504511713981628
5	3000	0.9402279853820801
5	3500	0.9298893809318542
5	4000	0.8296575546264648
5	4500	0.8357046842575073
5	5000	0.8309646844863892
5	5500	0.8415322303771973
5	6000	0.8810049295425415
5	6500	0.810758113861084
5	7000	0.8920547366142273
5	7500	0.8305814862251282
5	8000	0.9561840295791626
5	8500	0.83282870054245
5	9000	0.8142034411430359
5	9500	0.8764254450798035
5	10000	0.8029981851577759
5	10500	0.883028507232666
5	11000	0.8914768099784851
5	11500	0.8063105344772339
5	12000	0.8533495664596558
5	12500	0.8210536241531372
6	0	0.791665256023407
6	500	0.8825214505195618
6	1000	0.8538718223571777
6	1500	0.8145360946655273
6	2000	0.8694235682487488
6	2500	0.8390547633171082
6	3000	0.9240642786026001
6	3500	0.9176307916641235
6	4000	0.8214749097824097
6	4500	0.8242713212966919
6	5000	0.820081353187561
6	5500	0.8290114402770996
6	6000	0.8679441213607788
6	6500	0.8012691736221313
6	7000	0.8797942399978638
6	7500	0.8199993968009949
6	8000	0.949307918548584
6	8500	0.8224694132804871
6	9000	0.8055862188339233
6	9500	0.8667791485786438
6	10000	0.7941357493400574
6	10500	0.8739498853683472
6	11000	0.8850852251052856
6	11500	0.797355592250824
6	12000	0.8419336080551147
6	12500	0.8129009008407593
7	0	0.7841957807540894
7	500	0.8747332692146301
7	1000	0.8466933965682983
7	1500	0.8066257238388062
7	2000	0.8612464070320129
7	2500	0.830628514289856
7	3000	0.9118982553482056
7	3500	0.9083593487739563
7	4000	0.8155381083488464
7	4500	0.8160036206245422
7	5000	0.8121854066848755
7	5500	0.819861114025116
7	6000	0.8580657243728638
7	6500	0.7942336797714233
7	7000	0.8705554008483887
7	7500	0.8121565580368042
7	8000	0.9440761804580688
7	8500	0.8147055506706238
7	9000	0.7992278337478638
7	9500	0.8594828844070435
7	10000	0.7876880764961243
7	10500	0.8671714067459106
7	11000	0.8802583813667297
7	11500	0.7907612919807434
7	12000	0.8330425024032593
7	12500	0.8067735433578491
8	0	0.7787339687347412
8	500	0.8690499067306519
8	1000	0.8415128588676453
8	1500	0.800758957862854
8	2000	0.8549693822860718
8	2500	0.8240746259689331
8	3000	0.9023454785346985
8	3500	0.9010050892829895
8	4000	0.8109714388847351
8	4500	0.8097114562988281
8	5000	0.8061735033988953
8	5500	0.8128673434257507
8	6000	0.8502863049507141
8	6500	0.7887874841690063
8	7000	0.8633129000663757
8	7500	0.8060682415962219
8	8000	0.9398548007011414
8	8500	0.8086247444152832
8	9000	0.7943161725997925
8	9500	0.8537098169326782
8	10000	0.7827811241149902
8	10500	0.861902117729187
8	11000	0.8764594197273254
8	11500	0.7856947183609009
8	12000	0.8258732557296753
8	12500	0.8019679188728333
9	0	0.7745588421821594
9	500	0.8647238612174988
9	1000	0.8376374244689941
9	1500	0.7962180972099304
9	2000	0.8499682545661926
9	2500	0.8187893033027649
9	3000	0.8946043848991394
9	3500	0.8949652910232544
9	4000	0.8073092699050903
9	4500	0.8047392964363098
9	5000	0.8014278411865234
9	5500	0.807336688041687
9	6000	0.8439760208129883
9	6500	0.7844382524490356
9	7000	0.8574665188789368
9	7500	0.8011772036552429
9	8000	0.9362966418266296
9	8500	0.8037053942680359
9	9000	0.7903894186019897
9	9500	0.8489863276481628
9	10000	0.7789169549942017
9	10500	0.8576797246932983
9	11000	0.8733787536621094
9	11500	0.7816751003265381
9	12000	0.8199425935745239
9	12500	0.7980758547782898
10	0	0.7712589502334595
10	500	0.8613211512565613
10	1000	0.8346580266952515
10	1500	0.7925848960876465
10	2000	0.8458694219589233
10	2500	0.8144098520278931
10	3000	0.8881769180297852
10	3500	0.8898717761039734
10	4000	0.8042802810668945
10	4500	0.8006953001022339
10	5000	0.7975755929946899
10	5500	0.8028445243835449
10	6000	0.8387408256530762
10	6500	0.7808821201324463
10	7000	0.8526381254196167
10	7500	0.7971439957618713
10	8000	0.9331976175308228
10	8500	0.7996250987052917
10	9000	0.7871651649475098
10	9500	0.8450201153755188
10	10000	0.7757914662361145
10	10500	0.8542147874832153
10	11000	0.8708226084709167
10	11500	0.7784053683280945
10	12000	0.8149389028549194
10	12500	0.7948440313339233

t	e	s	t	_	l	o	s	s
0	0.09761464664240203
12539	0.09034559543243055
25078	0.08713219349274035
37617	0.08528157605698995
50156	0.08406225977141701
62695	0.08318986188281666
75234	0.08252996006650788
87773	0.08201042146583873
100312	0.08158888944218223
112851	0.08123876760450847
