t	r	a	i	n	_	l	o	s	s
1	0	1.378338098526001
1	500	1.353180170059204
1	1000	1.3169958591461182
1	1500	1.2087113857269287
1	2000	1.2195227146148682
1	2500	1.218890905380249
1	3000	1.2317336797714233
1	3500	1.1438368558883667
1	4000	1.1025149822235107
1	4500	1.1015435457229614
1	5000	1.0917314291000366
1	5500	1.0845378637313843
1	6000	1.0788179636001587
1	6500	0.9931666254997253
1	7000	1.0759097337722778
1	7500	1.0405784845352173
1	8000	1.1119825839996338
1	8500	0.9884837865829468
1	9000	1.0778961181640625
1	9500	0.9640120267868042
1	10000	1.0306700468063354
1	10500	0.9865909814834595
1	11000	0.9571388363838196
1	11500	0.97185879945755
1	12000	0.9779335856437683
1	12500	0.9299367666244507
2	0	0.9407683610916138
2	500	0.974101185798645
2	1000	0.9234991073608398
2	1500	0.893440842628479
2	2000	0.9696514010429382
2	2500	0.9415985345840454
2	3000	1.033420205116272
2	3500	0.9248284101486206
2	4000	0.8978148698806763
2	4500	0.9304715991020203
2	5000	0.9169405698776245
2	5500	0.934982180595398
2	6000	0.9518636465072632
2	6500	0.8627142906188965
2	7000	0.9594143033027649
2	7500	0.921136736869812
2	8000	0.9817510843276978
2	8500	0.8726959228515625
2	9000	0.9704716801643372
2	9500	0.8645536303520203
2	10000	0.9389140009880066
2	10500	0.9025591015815735
2	11000	0.8814581036567688
2	11500	0.9049066305160522
2	12000	0.9024685025215149
2	12500	0.8548396825790405
3	0	0.8809819221496582
3	500	0.903550922870636
3	1000	0.8487586975097656
3	1500	0.8370631337165833
3	2000	0.9111934900283813
3	2500	0.8808073997497559
3	3000	0.9729459881782532
3	3500	0.8692142367362976
3	4000	0.8462616801261902
3	4500	0.8810853958129883
3	5000	0.8634163737297058
3	5500	0.8891998529434204
3	6000	0.9079042673110962
3	6500	0.8236858248710632
3	7000	0.919839084148407
3	7500	0.8783721923828125
3	8000	0.9295085072517395
3	8500	0.8318527340888977
3	9000	0.9247692227363586
3	9500	0.8272660374641418
3	10000	0.9013452529907227
3	10500	0.8684134483337402
3	11000	0.8516334295272827
3	11500	0.8776714205741882
3	12000	0.8694823980331421
3	12500	0.8253539800643921
4	0	0.8561792373657227
4	500	0.8711562156677246
4	1000	0.8170134425163269
4	1500	0.8131260871887207
4	2000	0.8827226758003235
4	2500	0.8551428914070129
4	3000	0.9391065835952759
4	3500	0.8425448536872864
4	4000	0.8216938972473145
4	4500	0.8564459681510925
4	5000	0.8376361727714539
4	5500	0.8658850789070129
4	6000	0.8837926983833313
4	6500	0.8044373393058777
4	7000	0.8998209238052368
4	7500	0.85564786195755
4	8000	0.900100827217102
4	8500	0.8111176490783691
4	9000	0.8978692889213562
4	9500	0.807604968547821
4	10000	0.8802517056465149
4	10500	0.8494963645935059
4	11000	0.835673987865448
4	11500	0.8629049062728882
4	12000	0.8501712083816528
4	12500	0.8099738359451294
5	0	0.8422605395317078
5	500	0.8524062037467957
5	1000	0.7996546030044556
5	1500	0.7998262643814087
5	2000	0.8654279708862305
5	2500	0.8416774868965149
5	3000	0.9163764119148254
5	3500	0.8265852928161621
5	4000	0.807115912437439
5	4500	0.8414808511734009
5	5000	0.8224906921386719
5	5500	0.8514751195907593
5	6000	0.8680648803710938
5	6500	0.7928837537765503
5	7000	0.8878763318061829
5	7500	0.8413299322128296
5	8000	0.8807536959648132
5	8500	0.7986131906509399
5	9000	0.8795353770256042
5	9500	0.7954618334770203
5	10000	0.8664854764938354
5	10500	0.8373008966445923
5	11000	0.8257061839103699
5	11500	0.853649914264679
5	12000	0.8371549844741821
5	12500	0.8006165623664856
6	0	0.833166241645813
6	500	0.8401616811752319
6	1000	0.7887901663780212
6	1500	0.7912946939468384
6	2000	0.8535930514335632
6	2500	0.8336997032165527
6	3000	0.8996953964233398
6	3500	0.8158504366874695
6	4000	0.797385573387146
6	4500	0.8313565254211426
6	5000	0.8124731183052063
6	5500	0.8415624499320984
6	6000	0.8567888140678406
6	6500	0.7851486802101135
6	7000	0.8800142407417297
6	7500	0.8313921689987183
6	8000	0.8668332099914551
6	8500	0.7902424931526184
6	9000	0.8659353256225586
6	9500	0.7872120141983032
6	10000	0.856651782989502
6	10500	0.828683078289032
6	11000	0.8188570737838745
6	11500	0.8472946286201477
6	12000	0.8276351690292358
6	12500	0.7943373918533325
7	0	0.8266493678092957
7	500	0.8315210342407227
7	1000	0.7813783884048462
7	1500	0.7853060960769653
7	2000	0.8448637127876282
7	2500	0.8285834193229675
7	3000	0.8867893218994141
7	3500	0.8080873489379883
7	4000	0.7903927564620972
7	4500	0.8240181803703308
7	5000	0.8053086400032043
7	5500	0.8342602849006653
7	6000	0.8482047319412231
7	6500	0.779592752456665
7	7000	0.8744829893112183
7	7500	0.8240483999252319
7	8000	0.8562234044075012
7	8500	0.7842323780059814
7	9000	0.8552803993225098
7	9500	0.7812377214431763
7	10000	0.8491913676261902
7	10500	0.8222094774246216
7	11000	0.8138362765312195
7	11500	0.8426469564437866
7	12000	0.8202968835830688
7	12500	0.7898287177085876
8	0	0.8216832280158997
8	500	0.8250831365585327
8	1000	0.7760095000267029
8	1500	0.7808368802070618
8	2000	0.838089108467102
8	2500	0.8251144289970398
8	3000	0.8764423131942749
8	3500	0.8021891713142395
8	4000	0.7851060628890991
8	4500	0.8184374570846558
8	5000	0.7998966574668884
8	5500	0.828619122505188
8	6000	0.8413932919502258
8	6500	0.7754006385803223
8	7000	0.8703987002372742
8	7500	0.8183779716491699
8	8000	0.8478070497512817
8	8500	0.7796958684921265
8	9000	0.8466131091117859
8	9500	0.776709258556366
8	10000	0.843283474445343
8	10500	0.8171310424804688
8	11000	0.8099807500839233
8	11500	0.839089035987854
8	12000	0.8144296407699585
8	12500	0.78642737865448
9	0	0.8177309036254883
9	500	0.8200902938842773
9	1000	0.7719454169273376
9	1500	0.7773518562316895
9	2000	0.8326369524002075
9	2500	0.8226645588874817
9	3000	0.8679295778274536
9	3500	0.7975436449050903
9	4000	0.7809587717056274
9	4500	0.8140400052070618
9	5000	0.7956408262252808
9	5500	0.8241055607795715
9	6000	0.8358214497566223
9	6500	0.7721201181411743
9	7000	0.8672699928283691
9	7500	0.8138543963432312
9	8000	0.8409315943717957
9	8500	0.7761409878730774
9	9000	0.839368999004364
9	9500	0.7731572985649109
9	10000	0.838453471660614
9	10500	0.8130165338516235
9	11000	0.8069149255752563
9	11500	0.8362693786621094
9	12000	0.8096113204956055
9	12500	0.7837632298469543
10	0	0.8144832849502563
10	500	0.8160972595214844
10	1000	0.768763542175293
10	1500	0.7745434641838074
10	2000	0.828128457069397
10	2500	0.8208798170089722
10	3000	0.860785186290741
10	3500	0.7937829494476318
10	4000	0.7776121497154236
10	4500	0.8104788661003113
10	5000	0.7921902537345886
10	5500	0.8203957676887512
10	6000	0.8311556577682495
10	6500	0.7694799900054932
10	7000	0.8648028373718262
10	7500	0.8101536631584167
10	8000	0.8351873159408569
10	8500	0.773273766040802
10	9000	0.83319091796875
10	9500	0.770296037197113
10	10000	0.8344065546989441
10	10500	0.8095993995666504
10	11000	0.8044096827507019
10	11500	0.8339734077453613
10	12000	0.8055718541145325
10	12500	0.7816144227981567

t	e	s	t	_	l	o	s	s
0	0.0973804910077606
12540	0.09017299986813586
25080	0.0869992533869522
37620	0.08517307232281564
50160	0.08397087600741171
62700	0.08311154334087618
75240	0.08246216720362602
87780	0.08195142361664814
100320	0.08153742407284431
112860	0.08119387162855547
